NN1
sgd
train
0.622392315801
valid
0.593337334934
historique
{'acc': [0.57796788233975727, 0.59252588925249994, 0.59252588924355432, 0.59252588925249994, 0.59252588924355432, 0.59252588924355432, 0.59252588926591832, 0.59252588924355432, 0.59252588924579075, 0.59252588925697269, 0.59252588926591832, 0.59252588924355432, 0.59252588926591832, 0.59252588924802707, 0.59267597178895426, 0.59297613687975426, 0.59297613690211826, 0.59372654961569971, 0.5934263845383182, 0.59432687978835397, 0.59492720997889947, 0.59522737505628098, 0.59567762271037206, 0.59627795287855356, 0.59732853071871739, 0.59777877833478965, 0.59822902596875316, 0.59987993396815287, 0.60078042926291675, 0.60108059435371664, 0.6024313372444251, 0.60303166743497061, 0.60393216269842487, 0.60468257544331594, 0.60558307071571571, 0.60633348342929716, 0.60933513433282371, 0.60888488669662388, 0.61008554707771478, 0.61128620742749618, 0.61323728053111415, 0.61323728052216864, 0.61593876633936806, 0.6150382710759138, 0.6187903346930218, 0.61683926162071345, 0.61939066488356731, 0.62029116015596719, 0.62314272852751218, 0.62239231580051235], 'loss': [1.005456330699998, 0.95402538287967031, 0.94491291411123746, 0.93884582230051095, 0.93335171476169765, 0.92828437323221735, 0.92349681862478017, 0.91902157413374463, 0.91468707342933608, 0.91064503526394203, 0.90669326766661185, 0.90294444163819254, 0.899286320952705, 0.89582672104648731, 0.89247827828333004, 0.8892140201883203, 0.88605285149767077, 0.88299438677159015, 0.88004366849325055, 0.87714793838467775, 0.87433345026571296, 0.87164184112511611, 0.86896088681349104, 0.86639330214643984, 0.86383413228118422, 0.8613752906035862, 0.85894146315170872, 0.85661697829608785, 0.85429239268598478, 0.85205817090200087, 0.84980795546442511, 0.84760241026851879, 0.84550383309961596, 0.84339954986168642, 0.84135821653561027, 0.83927515777546091, 0.83737798293002208, 0.83538910423190349, 0.83351210600152914, 0.83163001636440437, 0.82980485284863403, 0.82795221105488537, 0.8261752874844428, 0.82445758370939504, 0.82261768308609751, 0.82102439069146782, 0.81933519737544802, 0.81765564884775199, 0.81603135675992511, 0.81440279492919698], 'val_acc': [0.57953181272509002, 0.57953181272509002, 0.57953181272509002, 0.57953181272509002, 0.57953181272509002, 0.57953181272509002, 0.57953181272509002, 0.57953181272509002, 0.57953181272509002, 0.57953181272509002, 0.57953181272509002, 0.57953181272509002, 0.57953181272509002, 0.57953181272509002, 0.57953181272509002, 0.57983193277310929, 0.57983193277310929, 0.58013205282112845, 0.58133253301320531, 0.58193277310924374, 0.58253301320528206, 0.58283313325330133, 0.58343337334933976, 0.58313325330132049, 0.58313325330132049, 0.58373349339735892, 0.58463385354141661, 0.58463385354141661, 0.58463385354141661, 0.58493397358943577, 0.58583433373349336, 0.58643457382953179, 0.58703481392557022, 0.58703481392557022, 0.58853541416566624, 0.58883553421368551, 0.58883553421368551, 0.58883553421368551, 0.58913565426170467, 0.59093637454981995, 0.59153661464585838, 0.59243697478991597, 0.59183673469387754, 0.59333733493397356, 0.59243697478991597, 0.59453781512605042, 0.59423769507803126, 0.59423769507803126, 0.59423769507803126, 0.59333733493397356], 'val_loss': [0.97084803412369891, 0.9597675491209362, 0.95487904577266702, 0.95105658058358844, 0.94761570876672208, 0.94455511429730588, 0.94136758812335364, 0.93852412271327901, 0.93599488154178911, 0.93353214684654684, 0.93111290722763407, 0.92877065634527123, 0.92678817924188106, 0.92474587181178314, 0.92265881538963546, 0.9207307582571298, 0.91885697498184149, 0.91715583809856038, 0.91538513436609381, 0.91364976996276415, 0.91216036351788943, 0.91080222496179253, 0.90932306221553261, 0.90766782749171449, 0.90631221465560707, 0.90480976946213665, 0.90334468529004008, 0.90216232533930019, 0.90103181341544492, 0.89974692002350254, 0.89858045411997201, 0.89758952568415973, 0.89637182926645087, 0.89528951052428718, 0.89417717007457276, 0.89289037877915145, 0.89213063922964508, 0.89124800835480067, 0.89018694206732374, 0.8891353871928257, 0.88817013182989257, 0.88721187976228089, 0.88664557896599194, 0.8855273358675898, 0.88508034339185804, 0.88400899133189959, 0.88320254005876342, 0.88232027554139947, 0.88166239897028453, 0.88067432053807548]}
113.102999926

NN1
rmsprop
train
0.801740957553
valid
0.623049219688
historique
{'acc': [0.57826804743950277, 0.59252588925697269, 0.59567762269695368, 0.60693381360642418, 0.63079693831607386, 0.65030766922701555, 0.67417079396350199, 0.69278102959309829, 0.69923457902293296, 0.71049076993240357, 0.71904547503809302, 0.72654960230809151, 0.7307519135569267, 0.7384061233767979, 0.7429085997477427, 0.74365901248368815, 0.74906198410019575, 0.75371454300759488, 0.75581569864319442, 0.75791685427879407, 0.76211916554999315, 0.76392015610373842, 0.76467056881284712, 0.76722197211148335, 0.76752213719333773, 0.7712742008372826, 0.77337535645499089, 0.77517634700873617, 0.77652708991733588, 0.77652708990839037, 0.77832808045318991, 0.77907849317124422, 0.78117964881578938, 0.78403121718733437, 0.7841812997237888, 0.78523187753264301, 0.7883836110039335, 0.78823352844064232, 0.78883385864013345, 0.78928410627633339, 0.79033468410307883, 0.79108509681666017, 0.79363650009293252, 0.79378658262938684, 0.7946870778928411, 0.79513732555587779, 0.79663815100093194, 0.79933963680918574, 0.80024013209053113, 0.80174095755347652], 'loss': [0.98996637802519061, 0.89412151743802837, 0.85427039536953187, 0.82224372775816224, 0.79450025362383758, 0.77131088455750674, 0.75075792213397285, 0.73331398856938645, 0.71761433720928613, 0.70328045842276488, 0.69096817654316689, 0.67945955363404875, 0.66919834700035796, 0.65951194458853712, 0.65066233954951336, 0.64245652577262657, 0.63470563765279209, 0.62730507890991705, 0.62045328747791406, 0.61390902900613498, 0.60790875830057056, 0.60229255781684676, 0.59701975585193079, 0.59119447593876462, 0.58637877382281023, 0.58137827000602949, 0.57670912696276455, 0.57201634186194072, 0.56803869332491452, 0.56325408031359714, 0.55970844552625354, 0.55564771922486655, 0.5516705817196188, 0.54820229947057086, 0.54463007650306661, 0.54094725618683759, 0.53782120838584657, 0.53448367215000825, 0.53120871614840914, 0.52807834292252498, 0.52503967210013069, 0.52205091382976621, 0.51868905567396484, 0.51629297399277552, 0.51347496364006817, 0.51085831958682582, 0.50823610237405836, 0.50544498920100744, 0.50296523638822177, 0.50029847077308576], 'val_acc': [0.57953181272509002, 0.58013205282112845, 0.58253301320528206, 0.59393757503001199, 0.60414165666266506, 0.61644657863145258, 0.62184873949579833, 0.62965186074429769, 0.63025210084033612, 0.63175270108043213, 0.63145258103241297, 0.63025210084033612, 0.63145258103241297, 0.62905162064825926, 0.63055222088835539, 0.6311524609843937, 0.63025210084033612, 0.6287515006002401, 0.62785114045618251, 0.62815126050420167, 0.62905162064825926, 0.62905162064825926, 0.62635054021608638, 0.62695078031212481, 0.62695078031212481, 0.62665066026410565, 0.62785114045618251, 0.62755102040816324, 0.62695078031212481, 0.62695078031212481, 0.62575030012004806, 0.62304921968787519, 0.62334933973589435, 0.62184873949579833, 0.61974789915966388, 0.62034813925570231, 0.61944777911164461, 0.62034813925570231, 0.62094837935174074, 0.62094837935174074, 0.62154861944777906, 0.62244897959183676, 0.62424969987995194, 0.6212484993997599, 0.62334933973589435, 0.62334933973589435, 0.62394957983193278, 0.62274909963985592, 0.62334933973589435, 0.62304921968787519], 'val_loss': [0.94136568964744105, 0.91308922298243633, 0.89528126733786773, 0.88141339638081495, 0.87211997211337233, 0.86407858684283345, 0.85866860453249594, 0.85520633700944371, 0.85208046178714714, 0.8513409559036933, 0.85056985769809934, 0.85100859711293275, 0.85126936922267993, 0.85196806774849221, 0.85377407760894886, 0.85526800470478104, 0.85745213927627328, 0.85968839950492837, 0.86214140683662988, 0.86488143021032871, 0.86795616922687657, 0.87065902119781935, 0.87351414593471055, 0.87657195136469812, 0.87947453885805416, 0.88283058589532315, 0.88627774246028057, 0.8895671995891099, 0.8926937976518885, 0.89666039631718775, 0.90012101752131213, 0.90314170263823912, 0.9069298883589233, 0.91032646426490516, 0.91396392164539464, 0.91776087905178549, 0.92131174941595295, 0.92493062503054502, 0.92847516141733488, 0.93218331734816429, 0.9358388826626689, 0.93976284161049062, 0.94366248515473694, 0.94701979383557933, 0.95064742582328032, 0.95404138542166139, 0.95795286030901006, 0.96191191129466924, 0.96555344697808021, 0.96922948094261507]}
123.709000111

NN1
adagrad
train
0.787633198259
valid
0.635954381753
historique
{'acc': [0.58997448598070046, 0.59297613690211826, 0.59642803544631762, 0.60183100705835246, 0.61203662014555038, 0.62449347142716638, 0.63619990997730957, 0.64790634849614326, 0.65691130122461427, 0.66591625394861242, 0.67342038121861092, 0.67987393066633683, 0.68842863575413515, 0.69173045176635284, 0.69728350594615174, 0.70283656011700502, 0.7070388713882042, 0.71199159538640322, 0.71784481467489325, 0.72084646558289267, 0.72444844666354635, 0.73045174847059957, 0.73375356446939888, 0.73615488520027117, 0.73900645355839778, 0.74095752663965175, 0.74350892992039697, 0.74455950775608792, 0.74786132374594161, 0.74936214918205013, 0.7520636350171408, 0.75446495573459471, 0.75641602882479431, 0.75881734956013946, 0.76106858775008468, 0.76286957828593871, 0.76512081645799257, 0.76647155935764666, 0.76812246735704637, 0.76842263245679199, 0.77097403571964584, 0.77277502628233663, 0.7748761819268819, 0.77772775027159002, 0.78117964881578938, 0.78208014408818916, 0.78388113462404319, 0.78508179499618858, 0.78628245535938834, 0.78763319825904243], 'loss': [0.94739848426310447, 0.87014509840589838, 0.83915841658158685, 0.81688938542706246, 0.79897467570853775, 0.78390362316220619, 0.77089899181693444, 0.75936892709627568, 0.74902365868037557, 0.73962601529984762, 0.73099425601007417, 0.72301522482806602, 0.71557751432582273, 0.70864909000803222, 0.70214568734007987, 0.69600376624093474, 0.69019772641279131, 0.68470871812603451, 0.67947801312902179, 0.67448480976749681, 0.66970486816622088, 0.66515231055575019, 0.66077341161904246, 0.6565729069867221, 0.65249364592194214, 0.64859347753243535, 0.64483246154458107, 0.64119144817488549, 0.63767837507488956, 0.63426569621251294, 0.63096359664213364, 0.62775586580131637, 0.62464270172812608, 0.62162242236481613, 0.61867845391218113, 0.61582449634529957, 0.61303241068977288, 0.61031585153509293, 0.60766489552642855, 0.60507271928721396, 0.60254833766438309, 0.6000764116356363, 0.59766481477506128, 0.59530200500504737, 0.59299373111441456, 0.59072876982944389, 0.58851934456170441, 0.58635091384878102, 0.58422350787765787, 0.58213626548064179], 'val_acc': [0.57983193277310929, 0.58073229291716688, 0.5822328931572629, 0.58493397358943577, 0.58763505402160865, 0.59213685474189681, 0.59603841536614643, 0.59783913565426172, 0.60024009603841533, 0.60234093637454977, 0.60594237695078035, 0.60924369747899154, 0.61074429771908767, 0.61224489795918369, 0.61434573829531813, 0.61584633853541415, 0.61674669867947174, 0.6188475390156063, 0.62004801920768304, 0.62004801920768304, 0.62184873949579833, 0.62154861944777906, 0.61974789915966388, 0.62034813925570231, 0.62364945978391362, 0.62454981992797121, 0.62515006002400964, 0.62695078031212481, 0.62845138055222094, 0.6287515006002401, 0.6287515006002401, 0.6287515006002401, 0.6287515006002401, 0.62965186074429769, 0.63025210084033612, 0.62995198079231696, 0.62995198079231696, 0.62995198079231696, 0.62995198079231696, 0.62995198079231696, 0.6311524609843937, 0.63145258103241297, 0.63235294117647056, 0.63235294117647056, 0.63415366146458585, 0.63445378151260501, 0.63475390156062428, 0.63445378151260501, 0.63535414165666271, 0.63595438175270103], 'val_loss': [0.92663436147774536, 0.90976895318598017, 0.89947735061164669, 0.89178095316114114, 0.88571356682359526, 0.88081762613225523, 0.87656436003699878, 0.87294583160336281, 0.86984585442033568, 0.86706795225910493, 0.86454874355824485, 0.8622109134371827, 0.8601599651224473, 0.8582758548594609, 0.85658142646821611, 0.85505102927229704, 0.85361801003780113, 0.85227769234028761, 0.85104538183681677, 0.84989065733276492, 0.84882725229641109, 0.84785089694580684, 0.84691288577122137, 0.84602728883186884, 0.84521637443734821, 0.84446040629481922, 0.84373574912333404, 0.84305114570070427, 0.8424178580132996, 0.84180292490722175, 0.8412552473782634, 0.84071994650693072, 0.84022010832416771, 0.83972953612349333, 0.8392688637020207, 0.83883896409248815, 0.83842746392876299, 0.83804674065556706, 0.83768999805542033, 0.83734032157517857, 0.83701098115504291, 0.83670395720047963, 0.83638666715083865, 0.8361343471657614, 0.8358479962915647, 0.83562379259736885, 0.83539455628194725, 0.83517660191651577, 0.83497535223577346, 0.83476535791681017]}
128.860999823

NN1
adadelta
train
0.706138376111
valid
0.6287515006
historique
{'acc': [0.55005252891772682, 0.59252588926591832, 0.59252588926591832, 0.59252588924355432, 0.59252588925697269, 0.59252588925697269, 0.59252588924802707, 0.59267597179789988, 0.59282605435671831, 0.59342638451595409, 0.59432687978835397, 0.59567762271931768, 0.59777877834149884, 0.60078042926291675, 0.60318174998037055, 0.60588323580651571, 0.60933513432835096, 0.61443794087642278, 0.61728950924796777, 0.62059132524676708, 0.62659462705829305, 0.6292961128620741, 0.63319825906036464, 0.63574966231874563, 0.64085246887576308, 0.64685577070070743, 0.64985742160870685, 0.65135824704034251, 0.65405973285306918, 0.65706138377001422, 0.66231427287690436, 0.66441542851250401, 0.66771724449341208, 0.67041873031955712, 0.67372054630941092, 0.6777727750307373, 0.67792285759850124, 0.68122467359730066, 0.68287558158775463, 0.68542698486849973, 0.68662764522275388, 0.6899294612215533, 0.69128020412120739, 0.69188053431175289, 0.69428185503815243, 0.69623292811046078, 0.69683325829206066, 0.69953474410926009, 0.70238631248080519, 0.70613837611133157], 'loss': [1.0489181487495507, 0.978406656983556, 0.94313179923306167, 0.9238887682308865, 0.91119716571076181, 0.90109392884756989, 0.8920561318889173, 0.88360419181057703, 0.87558270624301893, 0.86797597686324446, 0.86067854716723058, 0.85377670156513807, 0.84721663324535568, 0.84086108066361887, 0.83474946714424436, 0.82895462303284717, 0.82330120480241276, 0.81794324091885984, 0.81270178009686167, 0.80768729029126873, 0.80274155455524454, 0.79800178042389192, 0.79335367111549282, 0.78896412615230016, 0.7846560226838617, 0.7804527158460226, 0.77637859688280364, 0.77248060244367445, 0.76866398997516505, 0.7649669302005444, 0.76133597359613636, 0.75784479412394889, 0.75440365177150537, 0.75105922440947237, 0.74782310656808471, 0.74458182910961845, 0.7415277988778638, 0.73845087731365822, 0.73553792217839464, 0.73264136768650512, 0.72986266777784858, 0.72707943475838632, 0.72439359724924191, 0.72174345442398202, 0.71910323119639419, 0.7165660479217969, 0.71407111585095495, 0.71159868228816603, 0.70918396509357462, 0.70679815769481813], 'val_acc': [0.57953181272509002, 0.57953181272509002, 0.57953181272509002, 0.57953181272509002, 0.57953181272509002, 0.57953181272509002, 0.57953181272509002, 0.58013205282112845, 0.58043217286914761, 0.58103241296518604, 0.58193277310924374, 0.58343337334933976, 0.58373349339735892, 0.58463385354141661, 0.58583433373349336, 0.58853541416566624, 0.59063625450180068, 0.59183673469387754, 0.5930372148859544, 0.59393757503001199, 0.59603841536614643, 0.59813925570228088, 0.6005402160864346, 0.60264105642256904, 0.60414165666266506, 0.60534213685474192, 0.60684273709483794, 0.60834333733493395, 0.61104441776710683, 0.61254501800720285, 0.6137454981992797, 0.61674669867947174, 0.6188475390156063, 0.61854741896758703, 0.6188475390156063, 0.61854741896758703, 0.61944777911164461, 0.62154861944777906, 0.62244897959183676, 0.62094837935174074, 0.62364945978391362, 0.62575030012004806, 0.62484993997599036, 0.62605042016806722, 0.62575030012004806, 0.62665066026410565, 0.6287515006002401, 0.62845138055222094, 0.62755102040816324, 0.6287515006002401], 'val_loss': [1.0124811180213205, 0.97069051385927596, 0.95117073285193288, 0.94073761640047249, 0.93380414938726342, 0.92797468761865398, 0.92294766736917855, 0.9180740480090962, 0.91358199683414931, 0.90943092801848524, 0.90554984620496148, 0.90193407962015981, 0.89851855258552393, 0.89535368433376461, 0.89240873403766718, 0.88945517362523618, 0.88676917653123877, 0.88429638589559056, 0.8819004509056888, 0.8794714743349733, 0.87732924791086475, 0.87526858640031946, 0.87336342288952629, 0.87146416302917962, 0.86964528013964371, 0.86800224540614279, 0.86639574109291539, 0.86490419603624835, 0.86348001481819836, 0.86211377518231413, 0.86085498461774845, 0.85959612593358881, 0.85848604430671505, 0.85740408290620329, 0.85643728497792548, 0.85550472845121017, 0.85451035625508143, 0.85358969919106253, 0.85273404782559692, 0.8519609021682556, 0.85114187395730079, 0.85038402243679456, 0.84970740539257694, 0.8490161038532692, 0.84841450150845865, 0.84785948824338697, 0.84725015604195475, 0.84676571066926221, 0.84624633139350403, 0.84576246503736074]}
102.752000093

NN1
adam
train
0.936214918205
valid
0.614945978391
historique
{'acc': [0.58442143181431994, 0.5935764670658269, 0.60288158489851629, 0.63424883688710998, 0.66591625395308529, 0.70298664266240507, 0.72279753865520102, 0.74335884737499691, 0.76136875283193894, 0.77517634699979054, 0.78823352846747918, 0.79723848118253182, 0.81029566264127484, 0.81825003753852754, 0.8266546600719803, 0.83460903498712435, 0.84211316223923161, 0.85051778480846674, 0.85351943569857491, 0.8574215818789741, 0.86627645205757231, 0.87002851569257156, 0.87257991895542553, 0.87738256041717011, 0.88098454149782379, 0.88503677023256866, 0.8871379258681682, 0.89119015459396733, 0.89404172294762119, 0.89929461204556571, 0.90169593276301963, 0.90304667568951058, 0.90649857422476432, 0.90799939967876397, 0.90995047276001806, 0.91160138076836328, 0.9135524538675085, 0.91595377457601679, 0.91655410475761667, 0.91850517784781627, 0.92030616839261592, 0.92315773676416102, 0.92405823203656079, 0.92720996548101453, 0.92841062585315992, 0.92901095603475981, 0.93111211167035934, 0.93321326729701337, 0.93471409275101303, 0.93621491820501279], 'loss': [0.98328072687857826, 0.8767243089322373, 0.82201139622401609, 0.77634105290733946, 0.73688751238164973, 0.70246401519974344, 0.67199760881626769, 0.64478946740287713, 0.62029565232268469, 0.59796328259609344, 0.57764277869868208, 0.55878431820644014, 0.54139392707470602, 0.52532089096494716, 0.5099567969461184, 0.49568037084679373, 0.48223052406327138, 0.46954502324773156, 0.45751819194356153, 0.44617415437482955, 0.43522135883180585, 0.42497191256666694, 0.41507962341156879, 0.40562812846450857, 0.39670893630876958, 0.38796765156985941, 0.37962555361549077, 0.37169026490734197, 0.36386852663915542, 0.35651537173058773, 0.34939537473882837, 0.34256605968789511, 0.33590374001149892, 0.32948181479968019, 0.32329702136682242, 0.31727443582684578, 0.31141177678133264, 0.30593076985679946, 0.30051558320629296, 0.29528396254041683, 0.29010620906011991, 0.28516468591792399, 0.28037564040044399, 0.27576821704768173, 0.27129969366244794, 0.26685332396304878, 0.26267115453977441, 0.25848097305140499, 0.25446293876190079, 0.25056385955267729], 'val_acc': [0.57983193277310929, 0.58103241296518604, 0.58823529411764708, 0.59993997599039617, 0.6113445378151261, 0.61734693877551017, 0.62605042016806722, 0.63055222088835539, 0.6320528211284514, 0.63535414165666271, 0.63595438175270103, 0.63445378151260501, 0.63475390156062428, 0.63475390156062428, 0.63445378151260501, 0.63445378151260501, 0.63235294117647056, 0.63055222088835539, 0.63085234093637454, 0.62785114045618251, 0.62695078031212481, 0.62755102040816324, 0.62725090036014408, 0.62755102040816324, 0.62725090036014408, 0.62785114045618251, 0.62785114045618251, 0.6287515006002401, 0.62755102040816324, 0.6287515006002401, 0.62815126050420167, 0.62695078031212481, 0.62545018007202879, 0.62454981992797121, 0.62364945978391362, 0.62334933973589435, 0.62334933973589435, 0.62244897959183676, 0.62424969987995194, 0.62394957983193278, 0.62394957983193278, 0.62454981992797121, 0.62184873949579833, 0.62364945978391362, 0.62064825930372147, 0.61974789915966388, 0.61914765906362546, 0.6179471788715486, 0.61704681872749101, 0.61494597839135656], 'val_loss': [0.93608293699330924, 0.90601765393924594, 0.8855599635789374, 0.87067014021890643, 0.85926398939015913, 0.85104944926350057, 0.84477647040643045, 0.83994155084671807, 0.83655253535702301, 0.83433356441083362, 0.83288121337936416, 0.83188478686228517, 0.8321299413386799, 0.83247139116152136, 0.83326972525517617, 0.83459527008816836, 0.83631593039055829, 0.83845526874423171, 0.84040290596676903, 0.84274450942677182, 0.84540434001015874, 0.84842961404074568, 0.85129934670973795, 0.85468759127453164, 0.85755264372671069, 0.8614003135949051, 0.8650016469829509, 0.86844474513705328, 0.87181918947350368, 0.87594155790138928, 0.88005827712554752, 0.88411781395755329, 0.88819455885801279, 0.89246922609757406, 0.89685487360799732, 0.90140591320298868, 0.90636545956349457, 0.91124877766543932, 0.91578579779003277, 0.92041239689807508, 0.9252203595595343, 0.92994024830849087, 0.93458259792602649, 0.94006362639698515, 0.94509145706927788, 0.9500620410937507, 0.95528711562826429, 0.96058328898728684, 0.96616668060046285, 0.97130024118297531]}
123.320999861

NN1
adamax
train
0.803541948089
valid
0.638055222089
historique
{'acc': [0.57931862526177536, 0.59252588924355432, 0.59252588925697269, 0.59297613690211826, 0.59477712743797229, 0.6007804292450255, 0.60963529944151496, 0.62149182051469409, 0.63349842414221891, 0.64010205615770888, 0.65270898995341509, 0.66186402523175891, 0.66936815250175741, 0.67837310521233718, 0.68722797539540814, 0.69022962631235318, 0.69863424883686032, 0.70508779830695023, 0.70914002703274936, 0.71259192558589435, 0.7227975386462554, 0.72489869429974629, 0.73300315174239905, 0.73390364701032607, 0.73960678373999766, 0.73960678374894329, 0.74530992046072375, 0.74681074593708752, 0.75176346990844967, 0.75446495574354033, 0.75806693683313964, 0.76196908302248445, 0.7634699084764841, 0.76812246736599199, 0.76902296263839176, 0.77082395319213703, 0.77397568665448202, 0.77427585172291791, 0.77802791536239002, 0.7801290710158808, 0.78463154736893426, 0.7841812997237888, 0.78763319825904243, 0.79108509681218742, 0.7916854269937873, 0.79738856373687739, 0.7976887288142589, 0.80069037971778545, 0.80129070989491258, 0.80354194808933055], 'loss': [0.99100544721751394, 0.9158877189607032, 0.88945806109652981, 0.86837895909855711, 0.84946164209241892, 0.83185740258266805, 0.81565271051155808, 0.8008012520592438, 0.78701968577178982, 0.774180351981132, 0.76225702684419072, 0.75094184608193248, 0.74029748288250075, 0.7303620401524431, 0.7207519052426915, 0.71176834859129512, 0.70326311562255606, 0.6950949589697677, 0.68731914928291149, 0.67982837866863721, 0.67264526810496483, 0.66572054872172171, 0.65922760954494319, 0.65290979569369423, 0.64683844985751515, 0.64099484945084262, 0.63532084359003405, 0.62982498045603152, 0.62450924094832916, 0.61925060047180858, 0.61421151422763687, 0.6092108607596326, 0.60434405690607829, 0.59961117601655867, 0.5950193245964116, 0.59060778204392483, 0.58623664529942976, 0.58192110031230415, 0.57775521137487884, 0.57367346550848286, 0.56965391278606836, 0.56575602978696049, 0.56194219166284631, 0.55813428081944416, 0.55446841710772798, 0.55079273789848238, 0.54724242025965353, 0.54368857629446232, 0.54033169582873053, 0.53688823083186676], 'val_acc': [0.57953181272509002, 0.57953181272509002, 0.58013205282112845, 0.58043217286914761, 0.58253301320528206, 0.58463385354141661, 0.58853541416566624, 0.59423769507803126, 0.59693877551020413, 0.60234093637454977, 0.6038415366146459, 0.60744297719087637, 0.6137454981992797, 0.61584633853541415, 0.6179471788715486, 0.61974789915966388, 0.62304921968787519, 0.62515006002400964, 0.62635054021608638, 0.62815126050420167, 0.62755102040816324, 0.63025210084033612, 0.62995198079231696, 0.63145258103241297, 0.63175270108043213, 0.63175270108043213, 0.63265306122448983, 0.63415366146458585, 0.63505402160864344, 0.63685474189675872, 0.63775510204081631, 0.63805522208883558, 0.63775510204081631, 0.63835534213685474, 0.63835534213685474, 0.6386554621848739, 0.63805522208883558, 0.63835534213685474, 0.63895558223289317, 0.64045618247298919, 0.64075630252100846, 0.64045618247298919, 0.64045618247298919, 0.64105642256902762, 0.64045618247298919, 0.63925570228091233, 0.6386554621848739, 0.63835534213685474, 0.63895558223289317, 0.63805522208883558], 'val_loss': [0.95328424271701473, 0.93232637321820211, 0.92010809407800898, 0.90957862975932258, 0.90050281052972947, 0.89243004874450393, 0.88517161291472768, 0.87908702917030312, 0.87372721171751166, 0.868840585235788, 0.86438412697804645, 0.86057242125022315, 0.85684729574107321, 0.85373113879493445, 0.85119197305654137, 0.84862088205433694, 0.84629647864871804, 0.8443543170394302, 0.84246232064545945, 0.8407495005362603, 0.83962690565480191, 0.83818399541232047, 0.83724483479113998, 0.83608210945472849, 0.83536953120386181, 0.83462479485183205, 0.83416944348654687, 0.83335077791225443, 0.83287522200347419, 0.8323869909845194, 0.83204287512391129, 0.83193633321668203, 0.83156513666906273, 0.83147288570884892, 0.83140163476012052, 0.83132873749246405, 0.83123183450778992, 0.83108342309244254, 0.8311099998232554, 0.83134699511785615, 0.83166482132308339, 0.83162923735015248, 0.83184648218418222, 0.83204901325745595, 0.83221862381961453, 0.83247774202568903, 0.83274314476519218, 0.83325484835085462, 0.83351792765407862, 0.83399804671700839]}
124.840000153

NN1
nadam
train
0.966531592376
valid
0.602340936375
historique
{'acc': [0.58277052381492034, 0.61173645506816887, 0.67312021612781103, 0.71919555755665621, 0.75371454300759488, 0.77832808045318991, 0.80639351645192991, 0.82035119317412719, 0.83265796187903351, 0.84676572114663062, 0.85667116914302865, 0.86462554405817271, 0.87273000150977109, 0.88323577967882339, 0.88728800841356814, 0.89434188805631232, 0.89764370403722049, 0.90274651058976507, 0.90439741858916478, 0.91235179348641748, 0.91385261894041725, 0.9156536094852169, 0.92135674622830699, 0.92450847967276073, 0.92630947021756038, 0.93036169894335952, 0.93456401020561308, 0.93516434038721297, 0.93861623894930346, 0.94206813747561158, 0.94341888038421129, 0.945069788383611, 0.94807143929161042, 0.94882185201861025, 0.95047276002695558, 0.95377457601680926, 0.95452498874380909, 0.95542548401620897, 0.95722647456100851, 0.95722647456100851, 0.95932763019660816, 0.96067837310520787, 0.96187903347735326, 0.96232928110460758, 0.96322977637700735, 0.96428035419480718, 0.96368002402215291, 0.96563109710340689, 0.96638150983040672, 0.96653159237580666], 'loss': [0.95126185847638378, 0.81767652546627712, 0.73835559649347959, 0.67684033637860508, 0.62736411552591653, 0.58618011545548121, 0.55133027991392614, 0.52078573784813154, 0.49410487016578808, 0.47027326936248043, 0.44860696491135255, 0.42914593495282077, 0.41122997349202767, 0.39475200907722102, 0.3795735158040755, 0.36565995173430671, 0.35248910889206181, 0.34023708560866456, 0.32855470546297744, 0.31789178237191518, 0.3075029218344919, 0.29791018457164392, 0.28896236600826475, 0.28039765770364128, 0.27212340019181491, 0.26446664908546669, 0.25696438524112247, 0.24995739814148424, 0.24325550857578582, 0.23677881836721207, 0.23074919882835826, 0.22476247402304164, 0.21921125955574419, 0.21372175056100984, 0.20863041260007015, 0.20363323917492507, 0.19886782198012742, 0.19441799986305205, 0.18996695018371054, 0.1855998519669956, 0.1815733943354273, 0.17763282389285132, 0.17374480043054433, 0.17015423748150757, 0.16648280130802431, 0.16306593170148839, 0.15999182903979539, 0.15656219597927679, 0.15353162968890474, 0.15052418048145105], 'val_acc': [0.58073229291716688, 0.59723889555822329, 0.61824729891956787, 0.62364945978391362, 0.63325330132052826, 0.63595438175270103, 0.63415366146458585, 0.63715486194477788, 0.63145258103241297, 0.62755102040816324, 0.62665066026410565, 0.62755102040816324, 0.62454981992797121, 0.62755102040816324, 0.62545018007202879, 0.62424969987995194, 0.62334933973589435, 0.62184873949579833, 0.61974789915966388, 0.61914765906362546, 0.62004801920768304, 0.61974789915966388, 0.62034813925570231, 0.61554621848739499, 0.6113445378151261, 0.6104441776710684, 0.6137454981992797, 0.60984393757502997, 0.61014405762304924, 0.61074429771908767, 0.60864345738295322, 0.60654261704681878, 0.60804321728691479, 0.60414165666266506, 0.60474189675870349, 0.60654261704681878, 0.60864345738295322, 0.60804321728691479, 0.60684273709483794, 0.60624249699879951, 0.60504201680672265, 0.60354141656662663, 0.60504201680672265, 0.60354141656662663, 0.60414165666266506, 0.60504201680672265, 0.60174069627851146, 0.60234093637454977, 0.6029411764705882, 0.60234093637454977], 'val_loss': [0.90730058631690902, 0.87236453018554838, 0.85313755316751483, 0.84174500071272562, 0.83507385910773768, 0.83267287203386908, 0.83267342085454787, 0.83478784160453734, 0.83748588885436681, 0.84106954735438788, 0.84576477409124662, 0.85070193128711746, 0.85660175286850582, 0.86273410283073804, 0.86866700377355532, 0.87559803823033733, 0.88264503341619849, 0.88968616001316914, 0.89693024421797218, 0.90467861577385467, 0.91256389197181254, 0.92095859955195758, 0.92897836071531881, 0.93729838074183836, 0.94584785589650899, 0.95444631776889832, 0.96353589744270207, 0.97204868862179572, 0.98110655876768738, 0.98964531939713751, 0.99927522612362207, 1.0087546224639912, 1.0184795482962929, 1.0284334499867451, 1.037678759066569, 1.0480073741933449, 1.0592321329185512, 1.0691307223573023, 1.0800758136563799, 1.0899119493054028, 1.1001650975102566, 1.1106384131086975, 1.1222993020965557, 1.1330085709458497, 1.1443468984864911, 1.1561354174047243, 1.1665467889655252, 1.1779272267225982, 1.1897477525479796, 1.2016872037358646]}
145.345000029

