NN2
sgd
relu
train
0.753114212826
valid
0.6287515006
historique
{'acc': [0.58667266997295542, 0.59252588925249994, 0.59252588926591832, 0.59252588926591832, 0.59252588924355432, 0.59252588925697269, 0.59252588925249994, 0.59252588924355432, 0.59252588926591832, 0.59252588925697269, 0.59267597178895426, 0.59297613688869988, 0.59327630197055414, 0.59492720998337223, 0.59657811796935345, 0.60018009908131686, 0.60333183253471623, 0.60768422633342412, 0.61278703289491432, 0.62059132524676708, 0.62689479214909305, 0.6327480114241647, 0.64115263395314459, 0.64655560560990755, 0.6494071739635614, 0.65721146631541416, 0.65961278703957726, 0.66861773977475747, 0.67251988596410239, 0.67747260996230141, 0.68197508631535486, 0.68452648959609996, 0.69248086448440715, 0.69608284558295197, 0.70013507429980559, 0.7037370553894049, 0.70703887138373145, 0.71709440192105656, 0.71619390666654803, 0.72054630047420154, 0.72174696085529255, 0.72820051028959998, 0.73030166593414514, 0.73495422484154427, 0.73870628848548914, 0.74080744410319743, 0.74425934265634242, 0.74906198410019575, 0.74951223174534132, 0.753114212825995], 'loss': [0.98713573399703636, 0.94764465836993428, 0.94047034981908084, 0.93398202861122914, 0.92762559082492702, 0.92113045815607097, 0.91429928632607671, 0.90737875286530545, 0.90012798371229841, 0.89280806995987549, 0.88556327709614224, 0.87850060075427538, 0.87091441257712399, 0.86313101372417522, 0.85539682554121621, 0.84752544925750672, 0.83982169631721559, 0.83184226942584805, 0.82434795685721896, 0.81626441588581422, 0.80849963214578846, 0.80072280514549787, 0.79293329021906722, 0.78536280934631364, 0.77757670428326009, 0.76988769481082986, 0.762599762613559, 0.75514640761409346, 0.74796358439257848, 0.7406296948046186, 0.73378629973749487, 0.7270056677619634, 0.72018536541101619, 0.71358143330586488, 0.70681963184029062, 0.70019635645348122, 0.69403312266382855, 0.68737262642617947, 0.68138252493677853, 0.67497054675883861, 0.66874196704543609, 0.66363902802172503, 0.65712907244345808, 0.65138408446408569, 0.64573479702428671, 0.6396405088030217, 0.6344325081035036, 0.6283824170841642, 0.62269472948838944, 0.61744499998677338], 'val_acc': [0.57953181272509002, 0.57953181272509002, 0.57953181272509002, 0.57953181272509002, 0.57953181272509002, 0.57953181272509002, 0.57953181272509002, 0.57953181272509002, 0.57953181272509002, 0.57953181272509002, 0.57953181272509002, 0.57923169267707086, 0.57953181272509002, 0.58043217286914761, 0.58193277310924374, 0.58343337334933976, 0.5855342136854742, 0.58673469387755106, 0.59033613445378152, 0.5930372148859544, 0.59603841536614643, 0.60024009603841533, 0.6071428571428571, 0.6029411764705882, 0.60984393757502997, 0.60084033613445376, 0.61344537815126055, 0.61104441776710683, 0.61104441776710683, 0.61524609843937572, 0.6137454981992797, 0.61704681872749101, 0.61674669867947174, 0.61824729891956787, 0.61764705882352944, 0.62394957983193278, 0.62665066026410565, 0.62094837935174074, 0.62695078031212481, 0.6287515006002401, 0.62905162064825926, 0.63025210084033612, 0.62845138055222094, 0.63025210084033612, 0.62905162064825926, 0.62995198079231696, 0.63085234093637454, 0.62965186074429769, 0.62965186074429769, 0.6287515006002401], 'val_loss': [0.96360775789006703, 0.95691110835928306, 0.95263652870205695, 0.94784958708901657, 0.94382181359367778, 0.93999708271255589, 0.93516807682087733, 0.93138601742729565, 0.92710579142850991, 0.92316305565805423, 0.9185994939357579, 0.91373381966731704, 0.90931850621680255, 0.90515111202523912, 0.90101382411828557, 0.89704087058178372, 0.89473028858455006, 0.89290241376549395, 0.88715670689815229, 0.88283772900754232, 0.87897187349747641, 0.87509280049643456, 0.87126567720078907, 0.86887718835512417, 0.86522623220411665, 0.86560511789402039, 0.85977071938680716, 0.8577228391013082, 0.85604170934349688, 0.85325575053763414, 0.85278535297080105, 0.84948005023695272, 0.85218784316819685, 0.84889009806002169, 0.84706851743421063, 0.84508935314695943, 0.84365339668429629, 0.8493690097174581, 0.8438388300972397, 0.84333999846734353, 0.84286921779934809, 0.84305710158571334, 0.84131979341266538, 0.84324517084055306, 0.84211624362746351, 0.84172842296517913, 0.84230442543705253, 0.84347295982926407, 0.8436696423488218, 0.84579765560532527]}
125.845000029

NN2
rmsprop
relu
train
0.938916404022
valid
0.599339735894
historique
{'acc': [0.59057481615782748, 0.59687828307357182, 0.6539096503345061, 0.70253639502620513, 0.73420381210559882, 0.75521536847054016, 0.76857271499324631, 0.77802791536239002, 0.7888338586222422, 0.79543749062878655, 0.80699384661563855, 0.8150983040940738, 0.82560408225418047, 0.83355845715590615, 0.83911151134017781, 0.84676572115557625, 0.85081794988137549, 0.85847215970571955, 0.86252438842257306, 0.86687678223917219, 0.8712291760468257, 0.87438090950917069, 0.87723247788071579, 0.88233528441536913, 0.88563710040522292, 0.88833858622242234, 0.88998949422182205, 0.89539246586516652, 0.89824403423671162, 0.90064535495416553, 0.90379708839861927, 0.90514783131616461, 0.90844964731496392, 0.91190154585916328, 0.91265195857721748, 0.91595377458496241, 0.91790484767516201, 0.92000600330181603, 0.92120666368290705, 0.92180699384661569, 0.92345790184601528, 0.92600930511781476, 0.9293111211255598, 0.92901095602581418, 0.93066186402521389, 0.93171244185195923, 0.93321326729701337, 0.9342638451148132, 0.93696533094095824, 0.93891640402221221], 'loss': [0.95316059027959077, 0.85535025069721826, 0.78094263296307664, 0.71938959123242752, 0.66942828766633744, 0.62951155387297886, 0.59733528899355692, 0.56776749648731895, 0.54229547429573211, 0.51930267200193725, 0.49753084987218577, 0.4777432457831427, 0.46032529379644138, 0.44432103755541003, 0.42852369174484234, 0.41357839784696621, 0.40051874038909407, 0.38767522674556537, 0.3760041412462008, 0.36351125359168446, 0.35380853867988837, 0.34335555439907456, 0.33286428210453711, 0.32434625959192404, 0.31533778232900961, 0.30683332129599505, 0.29914172284129537, 0.29117897380119362, 0.28402157198751221, 0.27731327255638477, 0.27012958912799195, 0.2642646356086446, 0.25756151704938135, 0.25218139962088715, 0.24651087197467728, 0.24118737185589995, 0.23649644932642402, 0.23167142548638744, 0.22617665572368972, 0.22177810063125777, 0.21805970250562776, 0.21267872576677421, 0.20824097191967192, 0.2046083561269868, 0.20048545777985557, 0.19667950914855406, 0.19281704251953705, 0.19038974832669045, 0.18565832884345132, 0.18294920849470017], 'val_acc': [0.57953181272509002, 0.59483793517406958, 0.62665066026410565, 0.63535414165666271, 0.63655462184873945, 0.63535414165666271, 0.63235294117647056, 0.62214885954381749, 0.62815126050420167, 0.62064825930372147, 0.62184873949579833, 0.61944777911164461, 0.62515006002400964, 0.60744297719087637, 0.61164465786314526, 0.61524609843937572, 0.61494597839135656, 0.60744297719087637, 0.60864345738295322, 0.60564225690276108, 0.60924369747899154, 0.60954381752701081, 0.6071428571428571, 0.60954381752701081, 0.61524609843937572, 0.6137454981992797, 0.60834333733493395, 0.60834333733493395, 0.61434573829531813, 0.6104441776710684, 0.6137454981992797, 0.61104441776710683, 0.61314525810324128, 0.61494597839135656, 0.61104441776710683, 0.60954381752701081, 0.60684273709483794, 0.60684273709483794, 0.60534213685474192, 0.60564225690276108, 0.60474189675870349, 0.60144057623049219, 0.60354141656662663, 0.6005402160864346, 0.60534213685474192, 0.60114045618247303, 0.60234093637454977, 0.60084033613445376, 0.60324129651860747, 0.59933973589435774], 'val_loss': [0.9203425962097791, 0.87981610924971487, 0.85337548625140058, 0.84473308552356186, 0.84571834901372356, 0.85589690425959808, 0.86311755446540495, 0.87235533668785969, 0.88899372176391311, 0.89694364102376178, 0.91278831397785865, 0.92711545281908236, 0.94065614679709775, 0.95011626944249994, 0.96381937613149504, 0.97999663098233369, 0.98980770277089714, 1.0012194105700141, 1.0140632838905215, 1.0319067679104112, 1.0480516726801805, 1.0588750110811689, 1.0778882616565151, 1.0866762425432972, 1.1036887961704762, 1.1148466524385174, 1.124779095168875, 1.1380526541518707, 1.1541971489161003, 1.1646817404539789, 1.1804566875654681, 1.1900637743710614, 1.2070603774232167, 1.2266479949561917, 1.23773935233273, 1.2514337457242419, 1.2675639137643582, 1.2798971093717029, 1.2976495618579769, 1.3102313768105203, 1.3214170952804951, 1.3403257914379436, 1.3519134733284794, 1.3688940761469994, 1.3850566387748948, 1.4001963513524307, 1.416360577472261, 1.4256495791179937, 1.443204955894406, 1.4624374493831347]}
163.007999897

NN2
adagrad
relu
train
0.958277052388
valid
0.611344537815
historique
{'acc': [0.59072489869875466, 0.63634999250034552, 0.69458202013789794, 0.74110760920294305, 0.77067387064673709, 0.79513732554693217, 0.8108959928139291, 0.82830556807138001, 0.83911151133123218, 0.84901695933657584, 0.85982290260537364, 0.86567612188491805, 0.87197958878277126, 0.87933363349842408, 0.88728800842251376, 0.89043974185802188, 0.89479213567462101, 0.89929461203662009, 0.90304667567161934, 0.90664865677016426, 0.90950022513276374, 0.91280204112261742, 0.91475311422176264, 0.91730451749356212, 0.92075641603776148, 0.92405823202761517, 0.92660963529941465, 0.92811046075341441, 0.92886087348041424, 0.93156235929761366, 0.93246285457895917, 0.93471409275101303, 0.93516434038721297, 0.93906648656761216, 0.93996698185790328, 0.94146780729401169, 0.94311871530235702, 0.94461954074741106, 0.945069788383611, 0.94582020111061083, 0.9483716043824103, 0.94927209965481019, 0.94987242983641007, 0.9506228425634099, 0.95212366801740955, 0.95332432838955494, 0.95542548401620897, 0.95497523638895465, 0.95692630947020862, 0.95827705238775396], 'loss': [0.91794656136364039, 0.79544301397464445, 0.71491821727719762, 0.65426291593574248, 0.60613347548148877, 0.56547647469504969, 0.53100459954589407, 0.50125663728751924, 0.47559421267413565, 0.45283509417194229, 0.43281853427118355, 0.41463705258166916, 0.39836301515808376, 0.38356860094952117, 0.37004462109928138, 0.35765732606305706, 0.34621017706138352, 0.33560971280583102, 0.32573560684243963, 0.31653380274557952, 0.30793087317271578, 0.29977967463960414, 0.29226606978716013, 0.28509427761595008, 0.278328244752861, 0.27188462374554945, 0.26577802199457173, 0.26005345558361592, 0.25453206864130418, 0.24935346273541825, 0.24432144882432802, 0.23959452748906948, 0.23508111664469886, 0.23069853211051258, 0.22654839781209835, 0.22256729695356126, 0.21870466205301933, 0.21502799131719805, 0.21148302645032405, 0.2080325277766254, 0.20474483771857674, 0.20160035665116116, 0.19852112519003939, 0.19555835252979684, 0.19269490367243031, 0.18992639823788621, 0.18724611300248811, 0.18464375720150422, 0.18214519662411027, 0.1796827997850724], 'val_acc': [0.58373349339735892, 0.60474189675870349, 0.62094837935174074, 0.6311524609843937, 0.63535414165666271, 0.63565426170468187, 0.63085234093637454, 0.63385354141656658, 0.63415366146458585, 0.63295318127250899, 0.62845138055222094, 0.62935174069627853, 0.63025210084033612, 0.62755102040816324, 0.62545018007202879, 0.62605042016806722, 0.62695078031212481, 0.62575030012004806, 0.62545018007202879, 0.62184873949579833, 0.62274909963985592, 0.62244897959183676, 0.61854741896758703, 0.61914765906362546, 0.61944777911164461, 0.61854741896758703, 0.61854741896758703, 0.61674669867947174, 0.61734693877551017, 0.61614645858343342, 0.61614645858343342, 0.61734693877551017, 0.61434573829531813, 0.61524609843937572, 0.61524609843937572, 0.61644657863145258, 0.61554621848739499, 0.61554621848739499, 0.61494597839135656, 0.61584633853541415, 0.61404561824729897, 0.61494597839135656, 0.61254501800720285, 0.61254501800720285, 0.61224489795918369, 0.61224489795918369, 0.61194477791116442, 0.61254501800720285, 0.61224489795918369, 0.6113445378151261], 'val_loss': [0.89329791870437747, 0.86271011485916083, 0.8457133272687356, 0.83946617196301743, 0.83459265048907438, 0.83512138204128084, 0.83667863603113368, 0.84000476153672532, 0.84421921033962288, 0.84927524109275976, 0.85435894070839391, 0.85970161370441123, 0.86550122177472066, 0.87131661398499527, 0.87755163734843611, 0.8834950377245625, 0.8894773057672013, 0.89550542287609014, 0.90152724607795087, 0.90779364481121128, 0.91318826071497627, 0.91949625819527947, 0.92520914114966968, 0.93064713334979987, 0.93648586467820771, 0.94210768304094406, 0.94780558612452548, 0.95385844595864466, 0.95936962078456256, 0.96500285891066939, 0.97067535825136331, 0.97622210925080477, 0.98138698824599724, 0.98716576259677147, 0.99255990452554621, 0.99787240397600996, 1.0029657324966119, 1.0081593264766386, 1.0136420811210074, 1.0184227043554848, 1.023834812970293, 1.0288493086596211, 1.0339123677520476, 1.0388178058317443, 1.0434449390203011, 1.0483678758215933, 1.0533507724626869, 1.0579660516970155, 1.0629450711024766, 1.0680347135802564]}
156.391000032

NN2
adadelta
relu
train
0.830256641153
valid
0.6212484994
historique
{'acc': [0.57841812999832121, 0.59252588923908145, 0.59252588924355432, 0.59402671469755397, 0.59822902597769878, 0.61083595978235061, 0.62509380159982064, 0.63965180851256331, 0.65315923759856065, 0.66156386014095891, 0.67462104158181069, 0.68602731505009962, 0.69938466158175139, 0.70838961428785829, 0.71469308122149389, 0.72414828157274636, 0.7292510881073998, 0.73330331683319894, 0.73960678373999766, 0.74546000300612369, 0.74936214918205013, 0.75146330484448653, 0.7583671019149939, 0.76422032117664718, 0.76527089899444689, 0.76947321026564608, 0.77217469610073675, 0.77802791537133564, 0.78012907099798956, 0.78628245535938834, 0.78763319827693368, 0.79108509683007866, 0.79228575718433281, 0.79528740807444098, 0.79888938916404018, 0.80144079243583977, 0.80399219571658487, 0.80399219572553049, 0.80639351644298429, 0.80924508482347501, 0.80969533245072933, 0.81494822152183699, 0.81764970734798204, 0.81870028516578186, 0.82050127571058151, 0.82215218370998122, 0.82425333935452638, 0.82545399970878053, 0.82845565060783433, 0.83025664115263398], 'loss': [0.99883624113806546, 0.92654189986275892, 0.90351533873668399, 0.88072039248008338, 0.8582574233410506, 0.83738058586298092, 0.81711854809274831, 0.79764538339607427, 0.78000296708003514, 0.76308905962045603, 0.74736102605463595, 0.73254392433502857, 0.71873953539956958, 0.70593322979228446, 0.69382995655099033, 0.68219466402994766, 0.67130807768058687, 0.6608538063245547, 0.6509669843905147, 0.64115590123680821, 0.63178049511206713, 0.62309237827539765, 0.61422847995220609, 0.60526519348255314, 0.59784517467522902, 0.589921679986806, 0.5820398671605933, 0.57453690965523074, 0.5673706588195141, 0.56047618429384916, 0.55364279914829051, 0.54704166412281952, 0.54041750918954734, 0.53433800277705668, 0.52814502819744147, 0.52189643074312886, 0.51584795619227342, 0.51026251045734017, 0.50459891537565849, 0.49877273724205445, 0.49335485588550637, 0.48793970645659324, 0.48265411261411539, 0.47764472991035772, 0.47241541497274042, 0.46719057001223813, 0.462429493670168, 0.45752314417887857, 0.45259497108606894, 0.44837192542270626], 'val_acc': [0.57953181272509002, 0.57953181272509002, 0.57983193277310929, 0.5822328931572629, 0.58583433373349336, 0.59153661464585838, 0.59603841536614643, 0.61014405762304924, 0.6137454981992797, 0.61524609843937572, 0.61854741896758703, 0.62244897959183676, 0.62484993997599036, 0.62785114045618251, 0.63055222088835539, 0.63145258103241297, 0.6311524609843937, 0.63055222088835539, 0.63295318127250899, 0.63355342136854742, 0.62845138055222094, 0.62484993997599036, 0.6212484993997599, 0.63415366146458585, 0.62725090036014408, 0.62484993997599036, 0.62755102040816324, 0.62695078031212481, 0.62695078031212481, 0.62515006002400964, 0.62665066026410565, 0.6212484993997599, 0.62665066026410565, 0.6179471788715486, 0.62334933973589435, 0.62064825930372147, 0.62484993997599036, 0.61974789915966388, 0.6212484993997599, 0.62244897959183676, 0.62034813925570231, 0.61824729891956787, 0.62214885954381749, 0.62004801920768304, 0.6212484993997599, 0.62094837935174074, 0.62064825930372147, 0.61944777911164461, 0.62364945978391362, 0.6212484993997599], 'val_loss': [0.9537294613642423, 0.93837272348094813, 0.9248217899544614, 0.91182790898761545, 0.90060170071751844, 0.89075296394535908, 0.88239235966717922, 0.87503842217009176, 0.86913344510892432, 0.86371736509316255, 0.85946697962670482, 0.85643498823136122, 0.85398810393526914, 0.85190134360438208, 0.85079467010383558, 0.85051401093655843, 0.84974621824857566, 0.8498826198646573, 0.85096466212140986, 0.85087411372172161, 0.85178996720949429, 0.85309687897223097, 0.85458701841828344, 0.85858069161693307, 0.85874989768322485, 0.86037659344552941, 0.86214132340443805, 0.86441894453399037, 0.86815594281612185, 0.86900021033842312, 0.87162414060778115, 0.87406235110430586, 0.87735714088110217, 0.87957728925157708, 0.88305256604289661, 0.88595295396028595, 0.89022862524831714, 0.89228498363265896, 0.89549576334592673, 0.89955577773063267, 0.90261025259904071, 0.90497621525378646, 0.90905290376954007, 0.91229306935977816, 0.91625536819036701, 0.91999295808258608, 0.92341392996216731, 0.9271595522421463, 0.93268215126779475, 0.93458824283650233]}
140.061000109

NN2
adam
relu
train
0.997448596728
valid
0.572929171669
historique
{'acc': [0.57616689180837599, 0.61788983942062203, 0.70929010957814942, 0.79183550954813287, 0.84196307969383166, 0.87107909350142576, 0.89479213567462101, 0.91115113312321772, 0.92600930511781476, 0.93786582620441239, 0.9465706138555019, 0.95317424583520938, 0.95827705237880834, 0.96428035419480718, 0.96788233528440637, 0.97163439891940573, 0.97418580219120521, 0.97643704037220469, 0.97958877382560405, 0.98063935164340388, 0.98304067236980341, 0.98319075491520336, 0.98499174546000301, 0.98634248836860272, 0.98739306618640255, 0.98769323127720243, 0.98784331382260249, 0.99054479963980191, 0.98994446945820203, 0.99039471709440197, 0.99069488218520185, 0.99159537745760173, 0.99279603782974701, 0.99264595527540145, 0.99309620291160139, 0.9924958727300015, 0.99309620291160139, 0.99354645054780133, 0.99459702836560104, 0.99459702837454667, 0.99504727600180098, 0.99549752363800093, 0.99549752363800093, 0.99654810145580064, 0.99654810145580064, 0.99684826654660064, 0.99714843163740052, 0.99699834909200058, 0.99714843163740052, 0.99744859672820052], 'loss': [0.98541012789668858, 0.83577316710492, 0.68828633740269241, 0.56300382709496022, 0.46553493213648195, 0.39033043771002646, 0.33108566842976589, 0.28405678415377184, 0.24559809455378859, 0.21417281178093056, 0.18884331669139018, 0.1672076432650223, 0.14894901078239667, 0.13351066087381128, 0.12013998354150425, 0.10877496727581373, 0.098495491025694035, 0.090045883346969044, 0.082532575848504944, 0.075794405045451013, 0.069708761188819274, 0.064663431856126538, 0.059656192363929897, 0.055387177770311866, 0.0517142331251422, 0.048369582489179844, 0.04521329349048607, 0.041912139647919976, 0.03942682449721973, 0.037082521546518553, 0.034626071975705802, 0.032643880192787252, 0.031061018411638715, 0.029434691519079091, 0.027829643170306038, 0.026244562612093104, 0.024941159584188397, 0.023653466145841146, 0.022565233076538353, 0.02129722889006791, 0.020413304809995279, 0.019134130598380369, 0.018610082003784521, 0.017640414167350429, 0.016830913466726376, 0.016328003081431158, 0.015437530434405222, 0.014403798736633408, 0.013894687576545675, 0.013662680937207896], 'val_acc': [0.58013205282112845, 0.60324129651860747, 0.63475390156062428, 0.63445378151260501, 0.62665066026410565, 0.61914765906362546, 0.61824729891956787, 0.61254501800720285, 0.61164465786314526, 0.61494597839135656, 0.60894357743097238, 0.61284513805522212, 0.60954381752701081, 0.60954381752701081, 0.60654261704681878, 0.60654261704681878, 0.60834333733493395, 0.60084033613445376, 0.60264105642256904, 0.60024009603841533, 0.59933973589435774, 0.59483793517406958, 0.59423769507803126, 0.59363745498199283, 0.5996398559423769, 0.60084033613445376, 0.59513805522208885, 0.59153661464585838, 0.59093637454981995, 0.58673469387755106, 0.58793517406962781, 0.58643457382953179, 0.58613445378151263, 0.57953181272509002, 0.58433373349339734, 0.58193277310924374, 0.57923169267707086, 0.58313325330132049, 0.58193277310924374, 0.58073229291716688, 0.57743097238895558, 0.57533013205282113, 0.58103241296518604, 0.5822328931572629, 0.57442977190876354, 0.57713085234093642, 0.57743097238895558, 0.57773109243697474, 0.57382953181272511, 0.57292917166866741], 'val_loss': [0.92348934393398474, 0.85856623967297796, 0.83202613559232896, 0.84030285774588154, 0.86164251853581098, 0.88974721663567768, 0.92299773240862204, 0.96640906972186758, 1.0016632058611867, 1.0390000227404956, 1.0826348963619568, 1.1226832484569298, 1.1642077475750432, 1.208440335572553, 1.2590165507464277, 1.3025908671936639, 1.3494745816360143, 1.402878377904125, 1.4463297958706034, 1.4924471147921907, 1.5459259892998336, 1.5931424708211837, 1.6399419422195454, 1.691278074397331, 1.7293282894670319, 1.7851191022101285, 1.8330115978600454, 1.8863820212514175, 1.9362450862417415, 1.9834042829053313, 2.0356510094806355, 2.0892796857016429, 2.1294810059262352, 2.1931261332238279, 2.2263240636754578, 2.2821201376554345, 2.3358214757307953, 2.3751233929202478, 2.4254932085863827, 2.479565546006, 2.5265765404787097, 2.5774242915168388, 2.6155232985337387, 2.6603891789412297, 2.7211088060903377, 2.7590356983629021, 2.8015971100773989, 2.842009491136237, 2.897657149121398, 2.9438713801865961]}
206.552999973

NN2
adamax
relu
train
0.976286957827
valid
0.604441776711
historique
{'acc': [0.58427134924655599, 0.59342638452042695, 0.60708389616971548, 0.64745610086441607, 0.68242533396050031, 0.71319225576749423, 0.74080744411214305, 0.76031817502308474, 0.77577667718139043, 0.78988443644898765, 0.80324178298958493, 0.81629896444832795, 0.8292060633527254, 0.83986192406717763, 0.84601530842857642, 0.85787182951517404, 0.86927810296557173, 0.87468107459102507, 0.88308569714236895, 0.88863875133111347, 0.89509230077436663, 0.90154585021761968, 0.90904997751445504, 0.91295212366801737, 0.91955575567456171, 0.92330781932745221, 0.92720996548996015, 0.93141227677010496, 0.93621491820501279, 0.9375656611136125, 0.94281855020261141, 0.94461954074741106, 0.94792135675515599, 0.95137325530830097, 0.95332432838060932, 0.95557556656160891, 0.95602581421569999, 0.95902746510580816, 0.95887738256040822, 0.96187903347735326, 0.96458051928560706, 0.96773225273900643, 0.96863274801140631, 0.96878283055680625, 0.97103406873780584, 0.9722347291010055, 0.97193456401020561, 0.97478613237280509, 0.97373555455500527, 0.97628695782680475], 'loss': [0.98260488992121664, 0.90302761300948764, 0.85060084996845353, 0.79534338407288907, 0.74293079041475718, 0.69692063394223325, 0.65608283564723435, 0.61978982490729628, 0.58591103802460121, 0.5555971558792141, 0.52778355918828024, 0.50055309283416693, 0.47591328529665355, 0.45253324146816792, 0.43030848421081486, 0.40925010718079852, 0.38989674765015619, 0.37079385982589574, 0.35353711261757137, 0.33636123627652353, 0.31984495725267448, 0.30525968166222789, 0.29078120619403014, 0.27678716299113582, 0.26385293010654132, 0.25184365592166752, 0.24029373415021341, 0.23006772418897395, 0.21955356853253022, 0.21059517590568066, 0.20066011039439255, 0.19254553539651337, 0.18354066125528601, 0.17597438460549988, 0.16885664259686978, 0.16188559098593844, 0.15539556515390374, 0.14929564347462435, 0.14389787534282281, 0.13853314508417428, 0.13327531688643274, 0.12853740938019015, 0.12340490363675805, 0.11880556083617402, 0.11420812711631788, 0.11021147007951503, 0.10602858694585866, 0.10232334738868717, 0.09853177650411056, 0.095405137239902668], 'val_acc': [0.57953181272509002, 0.58013205282112845, 0.59513805522208885, 0.61494597839135656, 0.62244897959183676, 0.62605042016806722, 0.63175270108043213, 0.6362545018007203, 0.63565426170468187, 0.63175270108043213, 0.63175270108043213, 0.62725090036014408, 0.62334933973589435, 0.62905162064825926, 0.62394957983193278, 0.62545018007202879, 0.62334933973589435, 0.62154861944777906, 0.62154861944777906, 0.6188475390156063, 0.6188475390156063, 0.61704681872749101, 0.61614645858343342, 0.61284513805522212, 0.61554621848739499, 0.61554621848739499, 0.61314525810324128, 0.6113445378151261, 0.60984393757502997, 0.60474189675870349, 0.60414165666266506, 0.60564225690276108, 0.60264105642256904, 0.60684273709483794, 0.60504201680672265, 0.60924369747899154, 0.61404561824729897, 0.60504201680672265, 0.60204081632653061, 0.60504201680672265, 0.60894357743097238, 0.6071428571428571, 0.60744297719087637, 0.6005402160864346, 0.60744297719087637, 0.60624249699879951, 0.60804321728691479, 0.60324129651860747, 0.60324129651860747, 0.60444177671068422], 'val_loss': [0.94880196799178651, 0.91647747956833492, 0.88913213204936825, 0.86721805979510025, 0.85292297322638466, 0.842437513092128, 0.83872915380427526, 0.83864016743267289, 0.8394459444506257, 0.84437263648764715, 0.84933678449845973, 0.85686358412345343, 0.86614324944932353, 0.87312468024147372, 0.88395065985092314, 0.89352521475623636, 0.90405654835672367, 0.91436535334672964, 0.92788447895828563, 0.94264130675349056, 0.95831725684677715, 0.97009921868165139, 0.98668999896616205, 1.0024225882837037, 1.0167562233872203, 1.0344860197401562, 1.0494685231709109, 1.0676504263356954, 1.0839161582353736, 1.1029447507457573, 1.1236662680075233, 1.1429805694078625, 1.1660888227952773, 1.1816118562064108, 1.1986606470247707, 1.2182191534488858, 1.2399245739555589, 1.2590193379254473, 1.2793254865174677, 1.2972172578843701, 1.3149738307474326, 1.3352065780440441, 1.3572575223116743, 1.3849935724812539, 1.4048967599010125, 1.4290628343069254, 1.4551894996775872, 1.4770086746112783, 1.5011467817736988, 1.5220498970004261]}
185.606000185

NN2
nadam
relu
train
0.998649257091
valid
0.567226890756
historique
{'acc': [0.58697283507717379, 0.69818400120513313, 0.80834458954212951, 0.86822752514777202, 0.90754915203361852, 0.92856070838961424, 0.94672069638301071, 0.9578268047426084, 0.96788233528440637, 0.97448596728200509, 0.97928860874374979, 0.98108959927960382, 0.98304067236980341, 0.98559207564160289, 0.98859372654960231, 0.98874380909500226, 0.98979438691280208, 0.99099504727600185, 0.99129521236680174, 0.99204562509380156, 0.99279603782080139, 0.99369653309320127, 0.9944469458202011, 0.99414678072940121, 0.9947471109110011, 0.99519735854720093, 0.99519735854720093, 0.99579768872880081, 0.99654810145580064, 0.99684826654660064, 0.99654810145580064, 0.99699834909200058, 0.99684826654660064, 0.99744859672820052, 0.99744859672820052, 0.99684826654660064, 0.99759867927360046, 0.99819900945520035, 0.99789884436440046, 0.9980489269098004, 0.99819900945520035, 0.99849917454600035, 0.99849917454600035, 0.99819900945520035, 0.99849917454600035, 0.99819900945520035, 0.9980489269098004, 0.99879933963680023, 0.99894942218220018, 0.99864925709140029], 'loss': [0.92700422532061422, 0.70077505228703008, 0.5107444240383856, 0.37654155395275368, 0.2839291453066306, 0.21878683232592872, 0.17200007546387258, 0.13886449650840216, 0.11393294892573382, 0.096095719837791721, 0.080366472157203953, 0.070185611966863765, 0.059809377288654653, 0.052764150400064706, 0.046882468011131266, 0.041574221128844138, 0.036772622667453174, 0.033124372433956571, 0.030122024296336609, 0.027266469725235595, 0.025363533570747485, 0.02304299866040389, 0.020716169174762256, 0.019887844738878255, 0.01865145732452566, 0.01653853120553736, 0.015272389834112977, 0.014385599482530018, 0.01346269156388299, 0.012226705904753016, 0.011753968648809163, 0.010764537762688943, 0.010501076732069571, 0.0097869881265241106, 0.0093601427358144234, 0.0098061871880544705, 0.0084469690477669401, 0.0075662676389204736, 0.0076290157486749053, 0.0069261100438904192, 0.0064714219564217567, 0.0056669710703623182, 0.0053906237525262234, 0.0056737072346815885, 0.0054899764897590004, 0.0056888233121002571, 0.0052140513594453684, 0.0046462769737121157, 0.0045837459430256057, 0.0045712753045331778], 'val_acc': [0.59783913565426172, 0.63805522208883558, 0.62274909963985592, 0.62815126050420167, 0.61404561824729897, 0.60834333733493395, 0.60864345738295322, 0.59843937575030015, 0.60534213685474192, 0.59393757503001199, 0.59663865546218486, 0.59813925570228088, 0.60234093637454977, 0.59723889555822329, 0.59693877551020413, 0.59603841536614643, 0.59483793517406958, 0.59153661464585838, 0.58793517406962781, 0.59093637454981995, 0.59333733493397356, 0.58373349339735892, 0.58313325330132049, 0.58913565426170467, 0.5897358943577431, 0.58433373349339734, 0.58133253301320531, 0.57953181272509002, 0.58463385354141661, 0.58163265306122447, 0.58373349339735892, 0.57713085234093642, 0.58193277310924374, 0.58193277310924374, 0.58253301320528206, 0.57442977190876354, 0.5747298919567827, 0.57683073229291715, 0.57533013205282113, 0.57713085234093642, 0.57623049219687872, 0.58043217286914761, 0.57442977190876354, 0.56692677070828335, 0.5723289315726291, 0.57442977190876354, 0.56662665066026408, 0.5672268907563025, 0.57202881152460983, 0.5672268907563025], 'val_loss': [0.86268671191468527, 0.83181162384234697, 0.87484017225588351, 0.94071602163051504, 1.0134747327447367, 1.0885211595681821, 1.164641600553872, 1.2430957721776608, 1.3202748394527641, 1.4069789510671975, 1.4925252711501014, 1.5490809829295182, 1.6257914722609779, 1.7133749015047914, 1.7841321491823048, 1.8615887623016432, 1.9249998532852777, 1.9988909672145225, 2.0578616355218236, 2.1410346967117841, 2.2073476606485793, 2.2781946229762964, 2.3434767797499858, 2.3880829270146475, 2.456864670402005, 2.5152835047402444, 2.5979870418969897, 2.6583463058036632, 2.707331945916184, 2.7581768528181536, 2.806258126896541, 2.8706565215235571, 2.9122024569906393, 2.9761718573118028, 3.0284515242902885, 3.1127582755552479, 3.1472617629624788, 3.2005148214452408, 3.2458657789058618, 3.2919693436800075, 3.3415191688743673, 3.3728084544173811, 3.4298159054347446, 3.4965446341653115, 3.5066603191760408, 3.5274520183668558, 3.6077513130916126, 3.6683018997508365, 3.669963432531826, 3.7429843406860424]}
166.819000006

