NN2
sgd
tanh
train
0.766021311739
valid
0.631152460984
historique
{'acc': [0.5859222572683197, 0.59252588926591832, 0.59252588925697269, 0.59252588925697269, 0.59252588926591832, 0.59297613690211826, 0.59342638452937257, 0.59432687980177235, 0.59477712743797229, 0.59657811796935345, 0.59882935615035304, 0.60153084198097095, 0.6043824103346247, 0.61008554705982365, 0.61383761071271403, 0.61939066488356731, 0.62434338888176633, 0.62854570016191114, 0.63379858924196453, 0.64025213867627195, 0.64685577067387068, 0.65045775178136112, 0.65706138377895984, 0.66651658413468517, 0.66921806994293898, 0.67522137178130182, 0.67762269248533724, 0.68617739757760843, 0.68962929611733492, 0.69548251541029771, 0.69983490921795122, 0.70058532193153267, 0.70703887139714983, 0.71229176048614873, 0.71499324630334826, 0.71769473210265644, 0.72084646556052867, 0.72579918957214606, 0.7279003452077456, 0.73330331684214456, 0.73750562810439813, 0.74140777428479732, 0.74260843464799708, 0.74651058082839628, 0.74891190157268706, 0.75206363500372242, 0.75671619393348555, 0.75926759718292092, 0.76256941319513871, 0.76602131173933807], 'loss': [0.98046552816454258, 0.94197310974482351, 0.93228975766309474, 0.92402642293500947, 0.91619065482212436, 0.90851432495641038, 0.9010630471381128, 0.89329469827458463, 0.88577406421252314, 0.87799142739194191, 0.87014014240000392, 0.86237736013439092, 0.85421448132842581, 0.84621176985529256, 0.83809915570083471, 0.83002396895150854, 0.82187426341612313, 0.81351910089383728, 0.80546938397049561, 0.79738357403284432, 0.7894937824723457, 0.7817785603567482, 0.77366055105606679, 0.76631844457019183, 0.75872689706506657, 0.75126539537288684, 0.74398139887129455, 0.7369059455586181, 0.72975898279221263, 0.72313063897546948, 0.71665814220592206, 0.70970731242791174, 0.70368065113744349, 0.69700051311184907, 0.69103698224683574, 0.68439878222106121, 0.67832980564938428, 0.67231693091414702, 0.66630144571374172, 0.66077619354484785, 0.65474849220118725, 0.64906499264352269, 0.64301097960187992, 0.6373850972860331, 0.63205497770826147, 0.62645752917856101, 0.62116139401692483, 0.61586954592584975, 0.6103328277841803, 0.60497019249953143], 'val_acc': [0.57953181272509002, 0.57953181272509002, 0.57953181272509002, 0.57953181272509002, 0.57953181272509002, 0.57953181272509002, 0.57953181272509002, 0.57923169267707086, 0.58073229291716688, 0.58073229291716688, 0.58463385354141661, 0.58433373349339734, 0.58643457382953179, 0.58733493397358949, 0.59333733493397356, 0.59543817527010801, 0.59843937575030015, 0.59993997599039617, 0.60174069627851146, 0.60024009603841533, 0.60204081632653061, 0.60324129651860747, 0.61524609843937572, 0.60894357743097238, 0.61524609843937572, 0.61854741896758703, 0.62394957983193278, 0.61914765906362546, 0.62484993997599036, 0.62484993997599036, 0.6287515006002401, 0.62965186074429769, 0.62815126050420167, 0.62454981992797121, 0.62785114045618251, 0.62575030012004806, 0.62845138055222094, 0.62845138055222094, 0.63385354141656658, 0.62725090036014408, 0.62545018007202879, 0.63325330132052826, 0.62845138055222094, 0.63385354141656658, 0.63295318127250899, 0.63175270108043213, 0.63175270108043213, 0.6320528211284514, 0.6287515006002401, 0.6311524609843937], 'val_loss': [0.96051015015266661, 0.95223630991588837, 0.94650088738994442, 0.94138992605518468, 0.93697971728097063, 0.93272612089154816, 0.92839807651194628, 0.92379291375287298, 0.91915717803272734, 0.91544654704227879, 0.91053148893033475, 0.90686106996662186, 0.90221606239694363, 0.89930492174439358, 0.89415396347480947, 0.88976016894680543, 0.88565991047908421, 0.88139665484571517, 0.87800906900884435, 0.87585859481884798, 0.87209204551266306, 0.86800066234112361, 0.86465510257295053, 0.86226385552771523, 0.85953490817103206, 0.85743276697962512, 0.85482328106947736, 0.85355864238052093, 0.85122874704729612, 0.84955064832520222, 0.84834085778743562, 0.84801983547096205, 0.8458220569454894, 0.84518780227468793, 0.84447752942844312, 0.84356135680895894, 0.84548857575561964, 0.84717660033259212, 0.84452993772467788, 0.84257508884100207, 0.84281147842933868, 0.84555330396700301, 0.84272300123739075, 0.8440030873322687, 0.84264663216017299, 0.8437680793123371, 0.8442642569971256, 0.84459499079210842, 0.84448844845555404, 0.84523865111878793]}
117.10800004

NN2
rmsprop
tanh
train
0.918805342948
valid
0.605342136855
historique
{'acc': [0.59012456853057316, 0.63109710342029224, 0.69623292811046078, 0.72955125319819969, 0.74696082847354184, 0.75866726699684828, 0.77367552153684527, 0.78433138227813437, 0.79708839861924063, 0.80459252591607588, 0.81149632298658336, 0.82065135824703583, 0.82680474261738024, 0.83505928262332418, 0.84121266698472297, 0.85051778479057549, 0.85246885788077509, 0.85667116915197428, 0.85787182950622842, 0.86357496624931851, 0.86552603932162686, 0.86927810296557173, 0.87318024915491654, 0.8760318175085704, 0.87768272551691573, 0.88113462404322374, 0.88218520186102356, 0.88653759567762269, 0.88698784332276825, 0.88848866878571353, 0.89028965931262194, 0.89149031968476733, 0.89524238331976658, 0.89719345640996617, 0.89914452949122015, 0.90244634549896507, 0.90439741858916478, 0.90544799640696449, 0.90469758367996467, 0.90724898695176415, 0.90784931713336403, 0.90889989495116386, 0.91190154585916328, 0.91250187604970878, 0.91415278403121714, 0.91580369203956247, 0.91700435239381661, 0.91640402221221673, 0.9176046825754165, 0.91880534294756189], 'loss': [0.92947023529092521, 0.81282604728288232, 0.73182183267493051, 0.6749282394481747, 0.63305600284724983, 0.59805941164189413, 0.56909461933115879, 0.543450991679433, 0.52079883401196725, 0.50091393865587908, 0.48259317931265833, 0.46506415926334865, 0.44861823395979256, 0.43487052082496597, 0.42079365069168778, 0.40811195654248611, 0.39681375800946017, 0.38558439532683164, 0.37547689554624403, 0.36637650497070967, 0.35755228815575396, 0.34922369355180682, 0.34174573397325109, 0.3342359126347707, 0.32725820346546303, 0.32080239250878034, 0.31504895819123802, 0.30939294514794902, 0.30380817851504283, 0.29843229785814274, 0.29375628973552365, 0.28975672851037498, 0.28458484042054016, 0.28032064415054886, 0.27623287626264975, 0.27205546367782096, 0.26866032924091032, 0.26493966927869028, 0.26149487643025038, 0.25734723100035323, 0.25449153046054773, 0.25080089158801083, 0.24764642850040908, 0.24517901635610106, 0.24134545572382737, 0.23908640881048457, 0.23637099616770743, 0.23447837232514651, 0.23228739866234599, 0.23025137602245238], 'val_acc': [0.58463385354141661, 0.6188475390156063, 0.63535414165666271, 0.63805522208883558, 0.62755102040816324, 0.63265306122448983, 0.62695078031212481, 0.62665066026410565, 0.62454981992797121, 0.62545018007202879, 0.62454981992797121, 0.61164465786314526, 0.61674669867947174, 0.60804321728691479, 0.6071428571428571, 0.61224489795918369, 0.61464585834333729, 0.60894357743097238, 0.6113445378151261, 0.60504201680672265, 0.60894357743097238, 0.60684273709483794, 0.6038415366146459, 0.60264105642256904, 0.60174069627851146, 0.6029411764705882, 0.60534213685474192, 0.60984393757502997, 0.60594237695078035, 0.60234093637454977, 0.59993997599039617, 0.60744297719087637, 0.59933973589435774, 0.60564225690276108, 0.60234093637454977, 0.60564225690276108, 0.60414165666266506, 0.60444177671068422, 0.60174069627851146, 0.60204081632653061, 0.60024009603841533, 0.60264105642256904, 0.59903961584633858, 0.60234093637454977, 0.60804321728691479, 0.60504201680672265, 0.60024009603841533, 0.59423769507803126, 0.6029411764705882, 0.60534213685474192], 'val_loss': [0.90014215391509389, 0.86096639392756613, 0.84919868103739449, 0.8554510582967394, 0.86383779345154044, 0.87586916265796788, 0.8881155656022327, 0.90339115229832168, 0.9131937698871434, 0.92666681524084393, 0.93995282615647879, 0.95560577851669848, 0.96836545945358732, 0.98221295635525629, 0.99532121985184763, 1.0073625302973057, 1.0204287033264234, 1.0335395223095494, 1.0464064103214681, 1.0601110001858256, 1.0741500090293381, 1.0835483816920781, 1.0946188578370954, 1.1096757369882919, 1.1199878272460717, 1.1318776660463532, 1.1431249421613128, 1.1563591735274279, 1.1675603102092125, 1.1804508242715879, 1.1923464695517183, 1.2009480600597477, 1.2160128493841385, 1.2256548673737377, 1.2375091702139536, 1.2518289512803717, 1.2626113125971672, 1.274867248993103, 1.2886684949801606, 1.2998734372002738, 1.313548253793247, 1.3246901889665932, 1.3364892984781804, 1.3459149430207415, 1.3589933362184596, 1.3727811390326088, 1.3886212555586506, 1.4042375814728663, 1.4141170572118313, 1.4280157564353255]}
134.810000181

NN2
adagrad
tanh
train
0.962629446195
valid
0.599639855942
historique
{'acc': [0.59402671469755397, 0.66126369505015903, 0.7254990244902918, 0.76932312772024614, 0.79468707790178672, 0.81539846916698255, 0.83145730153372499, 0.84676572117346749, 0.85607083896142877, 0.86492570914002698, 0.87273000150977109, 0.87903346841656982, 0.88578718295956849, 0.89119015459396733, 0.89779378659156606, 0.90064535494521991, 0.90724898694281852, 0.91040072039621789, 0.91235179348641748, 0.91655410475761667, 0.91895542549296183, 0.92165691130121563, 0.92690980039021464, 0.92826054330775998, 0.93141227675221372, 0.93351343238781326, 0.9345640102145587, 0.93801590875875807, 0.93891640402221221, 0.94026714693081193, 0.9423683025753572, 0.9431187152934114, 0.94521987092901094, 0.94687077892841065, 0.94777127420081042, 0.94957226475455569, 0.9503226774726099, 0.95212366801740955, 0.95347441093495489, 0.95347441092600926, 0.95497523638000903, 0.95647606184295431, 0.9578268047426084, 0.95677622692480868, 0.95872730001500828, 0.96067837310520787, 0.96037820801440787, 0.96112862074140781, 0.96172895093195332, 0.96262944619540747], 'loss': [0.90411473182914104, 0.76609500971138167, 0.68194968798273981, 0.61759057642818482, 0.56712207538523729, 0.52595297852006917, 0.49163428084477817, 0.46244925086104294, 0.43717787617966519, 0.41491220237774729, 0.39533773474769873, 0.37782254682259214, 0.36195508721317415, 0.34751460880698626, 0.3343963205152386, 0.32242821714514175, 0.31142385831094621, 0.30107656753373613, 0.29177053293075428, 0.28301740904595424, 0.27478768139223286, 0.2671341555363313, 0.25993600304100262, 0.25321521680580145, 0.24688671979033947, 0.24076222354730972, 0.23513442404936083, 0.22964412884169758, 0.22474186567126425, 0.21989442685007621, 0.21529228760103697, 0.21089037936826591, 0.20671160214748466, 0.20272773154036305, 0.19895613776766177, 0.19533050349215639, 0.19184420465680549, 0.18848519082695947, 0.18523203867719495, 0.18222745439857044, 0.17924929366273851, 0.17635117835975633, 0.17364335186923746, 0.1709725017436145, 0.16842552532993887, 0.16594578093945148, 0.16361502580916079, 0.16129266864277839, 0.15908518319066967, 0.15692965159200789], 'val_acc': [0.58883553421368551, 0.61284513805522212, 0.63325330132052826, 0.63385354141656658, 0.63835534213685474, 0.63295318127250899, 0.6320528211284514, 0.63085234093637454, 0.62635054021608638, 0.62394957983193278, 0.62244897959183676, 0.62364945978391362, 0.62364945978391362, 0.62304921968787519, 0.62244897959183676, 0.62064825930372147, 0.62004801920768304, 0.61914765906362546, 0.61944777911164461, 0.61764705882352944, 0.61674669867947174, 0.61824729891956787, 0.6179471788715486, 0.61764705882352944, 0.61524609843937572, 0.61284513805522212, 0.61284513805522212, 0.61254501800720285, 0.61074429771908767, 0.61074429771908767, 0.61014405762304924, 0.60924369747899154, 0.60984393757502997, 0.60954381752701081, 0.60774309723889552, 0.60324129651860747, 0.6038415366146459, 0.60354141656662663, 0.6071428571428571, 0.6038415366146459, 0.60354141656662663, 0.60504201680672265, 0.60234093637454977, 0.60144057623049219, 0.60024009603841533, 0.59933973589435774, 0.60114045618247303, 0.60174069627851146, 0.60114045618247303, 0.5996398559423769], 'val_loss': [0.88479377184452268, 0.85711963988151874, 0.84313916981148695, 0.83924912347369973, 0.84061611321221452, 0.84483608514034736, 0.85092595716913777, 0.85799706497398454, 0.86586154508991398, 0.87456347905144116, 0.88325195896382236, 0.89171929548339113, 0.90087644879271289, 0.9100796125945495, 0.91895843682741341, 0.92811548108814146, 0.93715167689581025, 0.94596847952628627, 0.9551289787097853, 0.96379163886318686, 0.97237382272855433, 0.98072281962826324, 0.9897447207680985, 0.99857887944110446, 1.0068559306008475, 1.0144716345247815, 1.0228237845316654, 1.0314768743114311, 1.0389575121067867, 1.0470503428403068, 1.0548651025217979, 1.0624546344970025, 1.0700466081875712, 1.0777636052322845, 1.0854125864365523, 1.0925491777788692, 1.0998499988794042, 1.1072138423393039, 1.1150244105191363, 1.1219023589183446, 1.1289295521961684, 1.1362624577685994, 1.1431155276327145, 1.1498679052881833, 1.1568145498651272, 1.1634294641833631, 1.1703795311974734, 1.1770169749265673, 1.1837141707020791, 1.1901390948930994]}
143.648000002

NN2
adadelta
tanh
train
0.84601530842
valid
0.616446578631
historique
{'acc': [0.57376557109092208, 0.59252588925697269, 0.59282605435671831, 0.59507729252877217, 0.6052829056159702, 0.62254239833696667, 0.64160288160276291, 0.6573615488608141, 0.66996848267441167, 0.68272549902893631, 0.6936815248386613, 0.70418730302113197, 0.71304217322209429, 0.72114663066474705, 0.72714993247180015, 0.73360348193294456, 0.74050727901239755, 0.74515983791979656, 0.75146330482659529, 0.75566561611568572, 0.7601680924776848, 0.76557106410313813, 0.76887288009299182, 0.77577667718139043, 0.77937865827993535, 0.78343088699678898, 0.78448146482353431, 0.78748311572258811, 0.7933363349931869, 0.79543749063773217, 0.79978988444538568, 0.80384211316223919, 0.80684376407918423, 0.80969533244178371, 0.81149632298658336, 0.8147981389809098, 0.81389764373087403, 0.81749962479363647, 0.81975086298358169, 0.82455350442743514, 0.8247035869817807, 0.82680474261738024, 0.83070688880672505, 0.83310820952417897, 0.8347591175325243, 0.83866126370397787, 0.83896142879477786, 0.84241332733897711, 0.84451448297457676, 0.8460153084196308], 'loss': [1.0102435934030132, 0.91960233333642893, 0.89097439118303301, 0.86475290060401155, 0.84028799593242887, 0.81733229338147695, 0.79561447725985901, 0.77526214602972932, 0.75614590701551632, 0.73883304000348093, 0.72254266439034531, 0.70713653367470641, 0.6928529873385223, 0.6797127901890534, 0.66705928809754078, 0.65522794540662332, 0.64379454858664831, 0.63292613846930446, 0.62255246121211039, 0.61267081855314187, 0.60255938799696496, 0.59375785230141076, 0.58473128799595631, 0.57634222497189347, 0.568027891626806, 0.55925751501297638, 0.55200811920447979, 0.54437908978410687, 0.53676159217177655, 0.52975805197484171, 0.52274014719270034, 0.51553183069426645, 0.50908897079345106, 0.50238009857447963, 0.49599595549280856, 0.48964593221023778, 0.48331868746036277, 0.47752522967356598, 0.47170042445955557, 0.46579515924821219, 0.46029949461073733, 0.45451697841360461, 0.44912311052320669, 0.44326666752962529, 0.43866583810059423, 0.4331140812901822, 0.42856032335237576, 0.4236625194634544, 0.41851962150780264, 0.4140530140030837], 'val_acc': [0.57953181272509002, 0.57983193277310929, 0.58193277310924374, 0.58373349339735892, 0.58733493397358949, 0.59573829531812728, 0.60894357743097238, 0.61254501800720285, 0.61584633853541415, 0.62274909963985592, 0.62665066026410565, 0.62785114045618251, 0.62515006002400964, 0.62454981992797121, 0.62515006002400964, 0.62755102040816324, 0.6287515006002401, 0.62815126050420167, 0.62695078031212481, 0.62815126050420167, 0.63145258103241297, 0.62845138055222094, 0.62905162064825926, 0.62815126050420167, 0.62725090036014408, 0.63145258103241297, 0.62635054021608638, 0.62515006002400964, 0.62334933973589435, 0.62244897959183676, 0.62184873949579833, 0.62545018007202879, 0.62364945978391362, 0.62064825930372147, 0.62304921968787519, 0.62094837935174074, 0.6137454981992797, 0.62184873949579833, 0.61944777911164461, 0.62004801920768304, 0.61614645858343342, 0.6179471788715486, 0.61764705882352944, 0.61944777911164461, 0.61674669867947174, 0.61164465786314526, 0.61464585834333729, 0.61434573829531813, 0.61824729891956787, 0.61644657863145258], 'val_loss': [0.95258691559891173, 0.93089622123187044, 0.91549095686744242, 0.90171872081161264, 0.8902868982695159, 0.88118076481882124, 0.87312970527795464, 0.86777996444473171, 0.86265026478349516, 0.85906262729777583, 0.85683036909526999, 0.85532347366017025, 0.85509138548073649, 0.85526283920741453, 0.85625048945931825, 0.85792568751743858, 0.85932313637430069, 0.86216501156393643, 0.86407105032564779, 0.86668684545542152, 0.87040491579245838, 0.87286567258663106, 0.87631194116402356, 0.87983225058822356, 0.88338079601347375, 0.88897373481672637, 0.89184923675738603, 0.89618227819577845, 0.90019695197834693, 0.90422974643157739, 0.90846122613474101, 0.91451532872212604, 0.91819803511538278, 0.92252943195214787, 0.92792662623979039, 0.93196406685003719, 0.93710780816347228, 0.94176428515513266, 0.94542607797437217, 0.95133958343698199, 0.95597849144082681, 0.96098206939101938, 0.96516436460066812, 0.97148336897663423, 0.97557908289429662, 0.98163055443391656, 0.98611143413855107, 0.99067433598805732, 0.99698565601587008, 1.0017888568887332]}
138.813999891

NN2
adam
tanh
train
0.993096202921
valid
0.563025210084
historique
{'acc': [0.58832357798130075, 0.65841212669650517, 0.7576166891969397, 0.81494822153972823, 0.85667116915197428, 0.8823352844064235, 0.90259642806225637, 0.91745460003001655, 0.93501425784181302, 0.94116764222110305, 0.9501725949451012, 0.95557556657950016, 0.96052829055980793, 0.965030766921807, 0.96743208764820654, 0.96983340837460608, 0.9722347291010055, 0.97313522437340538, 0.97523638000900492, 0.97733753564460457, 0.97838811346240429, 0.98003902146180399, 0.98123968182500376, 0.98319075491520336, 0.98304067236980341, 0.9836410025514033, 0.98484166291460307, 0.9872429836410026, 0.98559207564160289, 0.98799339636800243, 0.98739306618640255, 0.98874380909500226, 0.9891940567312022, 0.98964430436740203, 0.99084496473954742, 0.98994446945820203, 0.99189554254840162, 0.99144529491220168, 0.99279603782080139, 0.99264595528434707, 0.99279603782080139, 0.99309620291160139, 0.99219570763920151, 0.9924958727300015, 0.99339636800240128, 0.99414678072940121, 0.99384661563860122, 0.99519735854720093, 0.99414678072940121, 0.99309620292054701], 'loss': [0.94126008193127553, 0.77083433459833117, 0.62433496163661784, 0.50680937859884312, 0.41752594828820344, 0.34889146448988717, 0.2952179988457887, 0.25375686331847652, 0.21973845410522319, 0.19294961108811423, 0.17135570358088581, 0.15329551257994839, 0.13725080497648987, 0.12405672084031906, 0.11319924315065033, 0.10405817438329611, 0.094925875489675626, 0.087159958914197394, 0.080679413786908002, 0.075785914057541176, 0.070016189658228534, 0.065782190621028913, 0.061030373377573124, 0.057644919509985897, 0.054154857536060808, 0.050274941426161332, 0.04876208119800237, 0.044287365686937294, 0.042650674348444072, 0.039967849165616041, 0.039220609449595996, 0.036325458568034007, 0.034062260774646469, 0.033032464574388999, 0.031028566177267399, 0.031966453660785502, 0.02852329302371738, 0.027455895930600206, 0.026285715469051001, 0.024645251205321565, 0.024415029361728048, 0.022782364839630077, 0.022578607965386542, 0.023426932034504973, 0.020311357808215077, 0.019858037088938955, 0.018814908972706938, 0.018247730938382122, 0.018474648113688309, 0.018185496585630637], 'val_acc': [0.58433373349339734, 0.62515006002400964, 0.63505402160864344, 0.62785114045618251, 0.62244897959183676, 0.62034813925570231, 0.60894357743097238, 0.60804321728691479, 0.60354141656662663, 0.59813925570228088, 0.60024009603841533, 0.59663865546218486, 0.59003601440576225, 0.59213685474189681, 0.5930372148859544, 0.59033613445378152, 0.59033613445378152, 0.58853541416566624, 0.58313325330132049, 0.58583433373349336, 0.58253301320528206, 0.58283313325330133, 0.58193277310924374, 0.57893157262905159, 0.57623049219687872, 0.57803121248499401, 0.57503001200480197, 0.58043217286914761, 0.57563025210084029, 0.57893157262905159, 0.57713085234093642, 0.5747298919567827, 0.57262905162064826, 0.57022809123649465, 0.5714285714285714, 0.56932773109243695, 0.56932773109243695, 0.56992797118847538, 0.56512605042016806, 0.57202881152460983, 0.56452581032412963, 0.56512605042016806, 0.56452581032412963, 0.55972388955582231, 0.5648259303721489, 0.55822328931572629, 0.56332533013205277, 0.56032412965186074, 0.55972388955582231, 0.56302521008403361], 'val_loss': [0.89695759495051686, 0.84623462555646034, 0.84099214489148011, 0.86589245693165573, 0.905791482003797, 0.9545234879668878, 1.008298701026431, 1.0664360895305693, 1.126248631872335, 1.19328114565681, 1.255697696435065, 1.3230698708297253, 1.3879963743443391, 1.457251330956119, 1.521020897153188, 1.5975869939822396, 1.6666179826708973, 1.7392987847185077, 1.8156449733232678, 1.89142505847821, 1.9709937914508302, 2.0421795604609643, 2.1205273219803518, 2.1941985903667804, 2.2686321994408267, 2.3496255011690192, 2.4263166328008863, 2.4948597844479896, 2.5731676912822929, 2.6393945116956696, 2.7103258186743324, 2.7831195631519514, 2.8541764091042912, 2.9147873525859929, 2.9925288573032667, 3.0460377417835725, 3.1102829271433303, 3.1642906225028158, 3.2367241021965731, 3.284344530620781, 3.3506994696796872, 3.4200532785555322, 3.4787955146734597, 3.5512530385803918, 3.5760486114497372, 3.648192100021161, 3.685834057190839, 3.7479998335546378, 3.7945163041031233, 3.843148135337509]}
169.036000013

NN2
adamax
tanh
train
0.978688278553
valid
0.582833133253
historique
{'acc': [0.58817349544037356, 0.60198108962611641, 0.6474561008733617, 0.6924808645022984, 0.72970133573912688, 0.75311421283494062, 0.77217469610968237, 0.7916854269937873, 0.80624343390652997, 0.82035119316518157, 0.83250787933363346, 0.84736605133270337, 0.85712141678817422, 0.86792736006591764, 0.87723247787177017, 0.88398619241476883, 0.89314122769311266, 0.89899444695476582, 0.90409725348941916, 0.91130121567309053, 0.91700435241170786, 0.92165691131016125, 0.92781029566261441, 0.9312621942157594, 0.93591475311421279, 0.94056731203950317, 0.94326879784775697, 0.94536995347441088, 0.94807143929161042, 0.95212366801740955, 0.95542548401620897, 0.95677622692480868, 0.95812696985129964, 0.9594777127420081, 0.96202911601380758, 0.96292961128620747, 0.96473060183100701, 0.96563109712129813, 0.96848266547495188, 0.96953324328380608, 0.97178448146480567, 0.97103406873780584, 0.97388563710040521, 0.97358547200960532, 0.97568662764520486, 0.9761368752814048, 0.97718745309920452, 0.9777877832808044, 0.9780879483716044, 0.97868827855320428], 'loss': [0.94333505694007047, 0.85326629150706368, 0.7863754129939371, 0.72370323750344046, 0.6682062571102052, 0.62128548577045439, 0.5798309658555213, 0.5423638505359929, 0.50849753900921846, 0.47708246733142901, 0.44707492509171642, 0.42078532921056677, 0.39482252263332224, 0.37196959115248374, 0.34949229303627211, 0.33007983611310976, 0.31145802549050589, 0.293291300629131, 0.27686534261991541, 0.26166723628990934, 0.24730096519234909, 0.2350354157293163, 0.2224109287828131, 0.21117977923000072, 0.20022320517696776, 0.19074332108462552, 0.1817507031540711, 0.17227442352525843, 0.16438541429081818, 0.1567754827799846, 0.14947113316239455, 0.14280810451455683, 0.13599406564072877, 0.13001290225828802, 0.12437955315350484, 0.11915306047412452, 0.11396622036390971, 0.1092564122116496, 0.10471584816854243, 0.10074713852569074, 0.096651799727466639, 0.092740389559114372, 0.088696639846189057, 0.085874762765713222, 0.082747300082078826, 0.079721838426159125, 0.07646347754767005, 0.074353022179669062, 0.071682698470049031, 0.068650053680148829], 'val_acc': [0.57953181272509002, 0.59363745498199283, 0.61434573829531813, 0.62785114045618251, 0.63355342136854742, 0.63385354141656658, 0.63055222088835539, 0.62845138055222094, 0.62635054021608638, 0.62034813925570231, 0.61824729891956787, 0.6212484993997599, 0.62454981992797121, 0.61674669867947174, 0.61104441776710683, 0.61464585834333729, 0.61224489795918369, 0.61104441776710683, 0.60864345738295322, 0.6104441776710684, 0.59393757503001199, 0.60624249699879951, 0.60354141656662663, 0.60564225690276108, 0.60084033613445376, 0.60504201680672265, 0.59693877551020413, 0.60204081632653061, 0.59183673469387754, 0.6005402160864346, 0.59873949579831931, 0.58943577430972394, 0.59663865546218486, 0.59453781512605042, 0.59093637454981995, 0.59393757503001199, 0.59483793517406958, 0.59693877551020413, 0.59663865546218486, 0.59543817527010801, 0.59453781512605042, 0.59213685474189681, 0.5930372148859544, 0.59393757503001199, 0.59063625450180068, 0.59183673469387754, 0.59063625450180068, 0.59153661464585838, 0.58673469387755106, 0.58283313325330133], 'val_loss': [0.91995828463679175, 0.88678422208879892, 0.86193493420050205, 0.84565076485973878, 0.83986320207957599, 0.84295883484962897, 0.8483867830589038, 0.85808344763152455, 0.87112682807345354, 0.88667473930413843, 0.90340208563627167, 0.92308081885059623, 0.94238570071354344, 0.96350585226537511, 0.98613751363926005, 1.0123767004150446, 1.0366952953075304, 1.0637432072056727, 1.0933069566003129, 1.1239047202170969, 1.1477141066902683, 1.1758624195050793, 1.2061735023828257, 1.2402300611406671, 1.2741013984290921, 1.3092691304446125, 1.338974250035555, 1.3761524150923949, 1.4109779284352444, 1.4473325818383536, 1.4838630378890296, 1.5199152206888005, 1.5611280184261509, 1.5956302214355744, 1.6333550498122069, 1.6727824162463754, 1.7157363626851039, 1.7556617476072918, 1.791093172574816, 1.8332315696244623, 1.8687091665107662, 1.9111037829629227, 1.9518897876876886, 1.9945041283267457, 2.0382746576833553, 2.0811321982959594, 2.126047485873622, 2.1734132023991086, 2.2162556362037611, 2.2591824862135557]}
112.201999903

NN2
nadam
tanh
train
0.995947771274
valid
0.543217286915
historique
{'acc': [0.59972985141828006, 0.73435389466889001, 0.82605432989932603, 0.87648206513582472, 0.90274651058976507, 0.926309470226506, 0.94281855020261141, 0.953174245844155, 0.95752663966075413, 0.96292961128620747, 0.96758217020255211, 0.97358547200960532, 0.97403571964580515, 0.97688728801735025, 0.97628695782680475, 0.98018910401614956, 0.98078943418880382, 0.98319075491520336, 0.98409125019654875, 0.98544199309620295, 0.98634248836860272, 0.9872429836410026, 0.98799339636800243, 0.99054479963980191, 0.98829356145880232, 0.99009455200360197, 0.99114512982140179, 0.99204562509380156, 0.99099504727600185, 0.99129521236680174, 0.99114512982140179, 0.99054479963980191, 0.99279603782080139, 0.99234579018460156, 0.99339636800240128, 0.99354645055674695, 0.99384661563860122, 0.99339636800240128, 0.99429686328374678, 0.99384661563860122, 0.99309620291160139, 0.99414678072940121, 0.9944469458202011, 0.99399669818400116, 0.99384661563860122, 0.99459702836560104, 0.99534744109260098, 0.99549752363800093, 0.99594777127420087, 0.99594777127420087], 'loss': [0.90473767417732809, 0.65439931734105983, 0.47261982671351793, 0.34890463249597142, 0.26806023536225115, 0.21250399909594853, 0.17501307807445668, 0.14770158076007212, 0.12713294360313118, 0.11175177534940131, 0.097462550472089626, 0.086887778106276806, 0.078208259038200001, 0.069681424963461747, 0.06797296343935684, 0.060526443168724443, 0.055691661979904154, 0.052020379040363975, 0.047377929510779342, 0.044539656124435424, 0.042391247040271071, 0.038856232932007129, 0.03856742154816916, 0.034045794667807758, 0.033451101964027709, 0.03187681806301574, 0.029625937527496524, 0.029232146377404702, 0.027884723492269756, 0.027550168678725818, 0.02650108746831344, 0.026889096309481251, 0.024288268847258643, 0.023851821758636645, 0.021527763873492593, 0.019658964040990944, 0.020442164594595094, 0.019753706388502004, 0.018433390285036468, 0.019012433418346231, 0.019335918454935572, 0.017544858463043683, 0.017148140158630604, 0.0169871765014038, 0.015450892460306016, 0.015076270030403844, 0.015314667577853611, 0.01376134151358928, 0.014134208936142284, 0.013138115644982188], 'val_acc': [0.6179471788715486, 0.63715486194477788, 0.62004801920768304, 0.6137454981992797, 0.6029411764705882, 0.5963385354141657, 0.58943577430972394, 0.58433373349339734, 0.59483793517406958, 0.58763505402160865, 0.5855342136854742, 0.58523409363745493, 0.58343337334933976, 0.56782713085234093, 0.58163265306122447, 0.57593037214885956, 0.57623049219687872, 0.57623049219687872, 0.57082833133253297, 0.57202881152460983, 0.57713085234093642, 0.56962785114045622, 0.56332533013205277, 0.57112845138055224, 0.56362545018007204, 0.56452581032412963, 0.56062424969988001, 0.56362545018007204, 0.56152460984393759, 0.56302521008403361, 0.5648259303721489, 0.56002400960384158, 0.56122448979591832, 0.55912364945978388, 0.55822328931572629, 0.56152460984393759, 0.55372148859543813, 0.55522208883553426, 0.55342136854741897, 0.55432172869147656, 0.55312124849939981, 0.55282112845138054, 0.55312124849939981, 0.54771908763505406, 0.5465186074429772, 0.54621848739495793, 0.54951980792316923, 0.54051620648259302, 0.54291716686674674, 0.5432172869147659], 'val_loss': [0.85570911463855404, 0.85673907281113126, 0.92400901579484795, 1.0238907780824733, 1.1249581002960114, 1.245271110878128, 1.3501256837421247, 1.4740880199697983, 1.5813304492119267, 1.6938006344104872, 1.808858165506269, 1.9236104220760113, 2.0422291973201023, 2.1752259612512761, 2.2607892206450755, 2.3565624597407475, 2.4663201036716567, 2.5679437878037414, 2.6789446589754982, 2.7686147724165351, 2.8423250110781924, 2.9442131207341333, 3.0407136940584034, 3.0846235131015298, 3.1765782023105875, 3.2439165484576096, 3.3343983383453479, 3.4087420231153986, 3.4618715129408089, 3.5255242558945268, 3.5689221664923294, 3.6657669990718151, 3.7075606817815627, 3.7805163548344751, 3.8172312461170685, 3.8722148788791029, 3.954020685365363, 3.9789366109603019, 4.0192967846470866, 4.0969637027021504, 4.1053961373749326, 4.1606413427950528, 4.2061368775110139, 4.2507007617194823, 4.3209223959053835, 4.3558040014406645, 4.3763364343082207, 4.4791048405980431, 4.4852595913166899, 4.5159233208893301]}
177.276000023

