NN2
sgd
tanh
10
train
0.846960616438
valid
0.775256849315
historique
{'acc': [0.63398972602739723, 0.64736729452054798, 0.66299229452054798, 0.6757277397260274, 0.68675085616438358, 0.69788099315068497, 0.71553938356164382, 0.72838184931506844, 0.73309075342465757, 0.73951198630136983, 0.74497003424657537, 0.74914383561643838, 0.75278253424657537, 0.7575984589041096, 0.76048801369863017, 0.76476883561643838, 0.76851455479452058, 0.77375856164383561, 0.77836044520547942, 0.78210616438356162, 0.78446061643835618, 0.78981164383561642, 0.7929152397260274, 0.79537671232876717, 0.80029965753424659, 0.80008561643835618, 0.8049015410958904, 0.80586472602739723, 0.81089469178082196, 0.81057363013698636, 0.81464041095890416, 0.81827910958904104, 0.81924229452054798, 0.82181078767123283, 0.82330907534246578, 0.82341609589041098, 0.82619863013698636, 0.82780393835616439, 0.82866010273972601, 0.83133561643835618, 0.83390410958904104, 0.83272688356164382, 0.83518835616438358, 0.83711472602739723, 0.8396832191780822, 0.84043236301369861, 0.8397902397260274, 0.84193065068493156, 0.84503424657534243, 0.84696061643835618], 'loss': [0.88798178140431239, 0.80678861720921247, 0.76835670771255882, 0.73878306415799544, 0.7151716726079379, 0.695474069208315, 0.67823665813632206, 0.66272756110315456, 0.64857087610927344, 0.63549216142664222, 0.62329624001293971, 0.61205020312168823, 0.60149719474250318, 0.59154844467770562, 0.58212272312543167, 0.57341017676134631, 0.56506271415377318, 0.55681588439500496, 0.54944714117948323, 0.54247197314892726, 0.53563350714641078, 0.52907259966412634, 0.52274736068020133, 0.51649268349147825, 0.51075133497584357, 0.50518165396092685, 0.49971814688346156, 0.49418728073982343, 0.48917662372736082, 0.48409694183158547, 0.47947956060301766, 0.47477593839372673, 0.47020010803252049, 0.46568379301118523, 0.46126484957663982, 0.45683712991949632, 0.45284303170565054, 0.44875140911708139, 0.4447109555851107, 0.44106467109020442, 0.43716660927828044, 0.43347660758315698, 0.42979351002467819, 0.42614988880614713, 0.42272672843034953, 0.41931380071256258, 0.4155931136481566, 0.41247658620346084, 0.40903556382615275, 0.40598716586828232], 'val_acc': [0.64940068493150682, 0.66566780821917804, 0.67615582191780821, 0.68814212328767121, 0.69413527397260277, 0.70419520547945202, 0.71660958904109584, 0.72452910958904104, 0.72752568493150682, 0.734375, 0.74015410958904104, 0.74036815068493156, 0.74293664383561642, 0.74571917808219179, 0.74764554794520544, 0.7502140410958904, 0.75171232876712324, 0.75363869863013699, 0.75535102739726023, 0.75513698630136983, 0.75984589041095896, 0.76027397260273977, 0.76134417808219179, 0.76284246575342463, 0.76434075342465757, 0.76434075342465757, 0.76519691780821919, 0.76605308219178081, 0.76904965753424659, 0.76883561643835618, 0.76862157534246578, 0.77076198630136983, 0.76776541095890416, 0.76605308219178081, 0.76883561643835618, 0.77033390410958902, 0.7733304794520548, 0.77161815068493156, 0.77076198630136983, 0.77140410958904104, 0.77247431506849318, 0.77183219178082196, 0.77204623287671237, 0.77290239726027399, 0.77268835616438358, 0.77397260273972601, 0.77482876712328763, 0.77482876712328763, 0.77482876712328763, 0.77525684931506844], 'val_loss': [0.81860621824656443, 0.7756877145538591, 0.74404301300440745, 0.72014269273575038, 0.7011503536407262, 0.68546000919113426, 0.67193635522502737, 0.65993233106724203, 0.64912221754250465, 0.63956629678811117, 0.63107590887644516, 0.62290832890223147, 0.61579194664955139, 0.60950320142589198, 0.60399157053803743, 0.59864042311498566, 0.59407797476200208, 0.59003913790395812, 0.586722657900967, 0.58272148178864835, 0.57988400410299434, 0.576966938907153, 0.574590607456965, 0.57277184153256355, 0.57069997224089219, 0.56855592254089982, 0.56673674775313021, 0.56591090804910005, 0.56387192010879517, 0.56235261118575319, 0.56157647706057923, 0.56031676351207571, 0.55993783229017913, 0.56018048504444018, 0.55820252246236146, 0.55754347410920546, 0.55737291643880815, 0.55690467255572751, 0.55713551685418172, 0.55661104966516362, 0.5560152167326784, 0.55602092081553312, 0.5555737098194149, 0.55584353249366969, 0.55613086158282132, 0.5564851348530756, 0.55599204318164142, 0.55654808633948027, 0.55716134056653066, 0.55730372279474183]}
36.1809999943

NN2
rmsprop
tanh
10
train
0.897153253425
valid
0.757919520548
historique
{'acc': [0.66320633561643838, 0.76862157534246578, 0.7970890410958904, 0.80961044520547942, 0.81892123287671237, 0.82898116438356162, 0.83508133561643838, 0.83904109589041098, 0.84439212328767121, 0.84920804794520544, 0.85359589041095896, 0.8555222602739726, 0.86055222602739723, 0.86365582191780821, 0.86825770547945202, 0.87071917808219179, 0.87435787671232879, 0.87382277397260277, 0.87746147260273977, 0.87928082191780821, 0.88110017123287676, 0.88142123287671237, 0.88195633561643838, 0.88452482876712324, 0.88356164383561642, 0.88709332191780821, 0.88805650684931503, 0.88730736301369861, 0.88848458904109584, 0.89008989726027399, 0.89148116438356162, 0.89126712328767121, 0.89116010273972601, 0.89319349315068497, 0.89308647260273977, 0.89394263698630139, 0.89362157534246578, 0.8945847602739726, 0.89608304794520544, 0.89565496575342463, 0.89608304794520544, 0.89511986301369861, 0.89522688356164382, 0.89597602739726023, 0.89619006849315064, 0.89715325342465757, 0.89661815068493156, 0.89576198630136983, 0.89661815068493156, 0.89715325342465757], 'loss': [0.76930876106840296, 0.57927521828510986, 0.50991833684583232, 0.47362637739271335, 0.45075346651959092, 0.4322952158647041, 0.4176208615200977, 0.40520613637995229, 0.39437993557179629, 0.38494226489573308, 0.37603266822965176, 0.36784405322515801, 0.36087699151559643, 0.35355729012660786, 0.34752604008129201, 0.34157415969322807, 0.33618033169577383, 0.3317957367008067, 0.3264531647046543, 0.3226492538384787, 0.3177682576471404, 0.31364470544232897, 0.30964292795078396, 0.30599868037316896, 0.30283367294460944, 0.2995014819635512, 0.29675846842870318, 0.29404418114317604, 0.29186350935177036, 0.28930624681588724, 0.28686581651539833, 0.28556693608119882, 0.28365764396954074, 0.28236071308692023, 0.28090819357958152, 0.27947804870160475, 0.27800640259703546, 0.27653689853438773, 0.27623154270169259, 0.27519641023078195, 0.27451391635488159, 0.27419037237916499, 0.272673547905806, 0.27209004317091345, 0.27141318366901107, 0.27094374544765443, 0.27067694076885507, 0.27007346782731273, 0.2692213654900863, 0.26880680455838979], 'val_acc': [0.73373287671232879, 0.7694777397260274, 0.77761130136986301, 0.78017979452054798, 0.77825342465753422, 0.78082191780821919, 0.77996575342465757, 0.77825342465753422, 0.77675513698630139, 0.77675513698630139, 0.77632705479452058, 0.77418664383561642, 0.7735445205479452, 0.77525684931506844, 0.77418664383561642, 0.77461472602739723, 0.77183219178082196, 0.77140410958904104, 0.76883561643835618, 0.76733732876712324, 0.76712328767123283, 0.76648116438356162, 0.76519691780821919, 0.7654109589041096, 0.76498287671232879, 0.76262842465753422, 0.7617722602739726, 0.76369863013698636, 0.76305650684931503, 0.76241438356164382, 0.76220034246575341, 0.76048801369863017, 0.76091609589041098, 0.76241438356164382, 0.76070205479452058, 0.7615582191780822, 0.76113013698630139, 0.7617722602739726, 0.76048801369863017, 0.76070205479452058, 0.76027397260273977, 0.7615582191780822, 0.75813356164383561, 0.75941780821917804, 0.75813356164383561, 0.7577054794520548, 0.75856164383561642, 0.75856164383561642, 0.75749143835616439, 0.7579195205479452], 'val_loss': [0.64566236897690654, 0.57345687342833163, 0.55600430765380593, 0.55400518848471447, 0.55450190807858557, 0.5574430557962966, 0.56010757060083627, 0.56299982301584661, 0.56736387649219333, 0.57133589113411842, 0.57618374101919667, 0.58206571077239022, 0.58772195538837613, 0.59436310501131295, 0.59832602382114486, 0.60538289706184445, 0.6097496933724782, 0.61452754852298186, 0.62148406856680571, 0.62679493212944837, 0.63294491733181968, 0.63816346809880375, 0.64420059211041825, 0.64828043461662455, 0.65421791109320238, 0.6594547861038822, 0.66596140559405492, 0.66826695254812507, 0.67414304093547062, 0.6766845821721913, 0.68089952615842431, 0.68446685986159594, 0.6904297535345979, 0.69326415984597922, 0.69798658471809671, 0.70209365195199236, 0.70463745765490071, 0.70988527950766966, 0.71284522708148168, 0.71583163544331507, 0.71949282574327023, 0.72246820479631424, 0.72617943901313498, 0.72827180230045974, 0.7325989048774928, 0.73483328153825789, 0.73805389257326515, 0.73899881194715633, 0.74263815132722466, 0.74521503893479912]}
38.9680001736

NN2
adagrad
tanh
10
train
0.943172089041
valid
0.754494863014
historique
{'acc': [0.69413527397260277, 0.7890625, 0.82298801369863017, 0.84086044520547942, 0.85380993150684936, 0.86151541095890416, 0.86964897260273977, 0.87596318493150682, 0.88088613013698636, 0.88698630136986301, 0.8908390410958904, 0.89372859589041098, 0.89790239726027399, 0.90154109589041098, 0.90453767123287676, 0.90774828767123283, 0.90785530821917804, 0.91063784246575341, 0.91288527397260277, 0.91459760273972601, 0.91684503424657537, 0.91845034246575341, 0.91941352739726023, 0.92123287671232879, 0.9217679794520548, 0.92433647260273977, 0.92551369863013699, 0.92722602739726023, 0.92872431506849318, 0.93011558219178081, 0.93032962328767121, 0.93118578767123283, 0.93279109589041098, 0.9337542808219178, 0.93428938356164382, 0.93493150684931503, 0.93557363013698636, 0.93632277397260277, 0.93685787671232879, 0.93653681506849318, 0.93696489726027399, 0.9375, 0.93824914383561642, 0.94006849315068497, 0.93964041095890416, 0.9413527397260274, 0.94210188356164382, 0.94295804794520544, 0.94295804794520544, 0.94317208904109584], 'loss': [0.7108725720684822, 0.54841935246774598, 0.48202876032215275, 0.4405866890431267, 0.41101288826090016, 0.38780316552274846, 0.36892698613339908, 0.35303531946895056, 0.33924060661907063, 0.32720643475855865, 0.31652544336776212, 0.30691220810356207, 0.29823828669749708, 0.2903037853028676, 0.28300805601661339, 0.27633185391250537, 0.27014126689874962, 0.26429412345567793, 0.25890385104368813, 0.25387889687737375, 0.24912037435051512, 0.24460106121044453, 0.24044657123517499, 0.23643828701380998, 0.23264742612022243, 0.22907066756017405, 0.22562734036361926, 0.22238327631701346, 0.21929048193133857, 0.21636247037820619, 0.21354199027361936, 0.2108126926197581, 0.20818632978894938, 0.20574910053345438, 0.20337593387046907, 0.20106205581496023, 0.19887742588985458, 0.19676821529610108, 0.19470134448923476, 0.19274657663621314, 0.19083060782198627, 0.18902101061523777, 0.1872380810139114, 0.18552514238359585, 0.18384478006460894, 0.18226134331820354, 0.18068679691330619, 0.17918204824912221, 0.17772360925549921, 0.17627401663985562], 'val_acc': [0.74657534246575341, 0.76498287671232879, 0.7696917808219178, 0.77397260273972601, 0.77568493150684936, 0.77504280821917804, 0.77525684931506844, 0.77632705479452058, 0.77868150684931503, 0.77782534246575341, 0.77547089041095896, 0.77589897260273977, 0.77290239726027399, 0.7733304794520548, 0.77226027397260277, 0.77226027397260277, 0.77076198630136983, 0.77054794520547942, 0.76990582191780821, 0.76776541095890416, 0.76626712328767121, 0.7654109589041096, 0.765625, 0.765625, 0.7654109589041096, 0.76327054794520544, 0.76455479452054798, 0.76348458904109584, 0.76391267123287676, 0.76134417808219179, 0.76070205479452058, 0.75984589041095896, 0.76005993150684936, 0.75898972602739723, 0.75834760273972601, 0.75749143835616439, 0.75749143835616439, 0.75684931506849318, 0.75706335616438358, 0.75663527397260277, 0.75577910958904104, 0.75535102739726023, 0.75556506849315064, 0.75556506849315064, 0.75599315068493156, 0.75642123287671237, 0.75513698630136983, 0.75492294520547942, 0.75535102739726023, 0.75449486301369861], 'val_loss': [0.62532397022802533, 0.57705416336451487, 0.5585361782410373, 0.55037270976256014, 0.54706443723750442, 0.54637836736359013, 0.54749466009335979, 0.54947608035721196, 0.55214798991402536, 0.55530850691338107, 0.55885337925937073, 0.5625578979515049, 0.56652840594314546, 0.57055934416512921, 0.57479767307434992, 0.57902235966430948, 0.58351182264007939, 0.58767347231711431, 0.59222350177699568, 0.59645575091038661, 0.60094574655163779, 0.60522518817284332, 0.60966621104576812, 0.61417600941168116, 0.61856220836100517, 0.62282964362673565, 0.6272395233789535, 0.63149719021908224, 0.63592002908252687, 0.6400903038782616, 0.64434045308256804, 0.64852133474937856, 0.6528855853088914, 0.65696626697501093, 0.6610908957376872, 0.6653003549739106, 0.66946529974676161, 0.67349001683600962, 0.67759573898495062, 0.6815937515603353, 0.68544782371553659, 0.689391994721269, 0.69326143885312019, 0.69719213890294507, 0.70108783306324318, 0.70507094621250077, 0.70877195557911099, 0.71259979291321485, 0.71630101263114854, 0.72020104098809912]}
38.1729998589

NN2
adadelta
tanh
10
train
0.873715753425
valid
0.773330479452
historique
{'acc': [0.63827054794520544, 0.69252996575342463, 0.73362585616438358, 0.74914383561643838, 0.7616652397260274, 0.77140410958904104, 0.78467465753424659, 0.79088184931506844, 0.79601883561643838, 0.80136986301369861, 0.80404537671232879, 0.80736301369863017, 0.8125, 0.8162457191780822, 0.82255993150684936, 0.8241652397260274, 0.82630565068493156, 0.8279109589041096, 0.82973030821917804, 0.8318707191780822, 0.83369006849315064, 0.8358304794520548, 0.83850599315068497, 0.84053938356164382, 0.84118150684931503, 0.84267979452054798, 0.84492722602739723, 0.84674657534246578, 0.84792380136986301, 0.84995719178082196, 0.85231164383561642, 0.85434503424657537, 0.85616438356164382, 0.85659246575342463, 0.85841181506849318, 0.85980308219178081, 0.86001712328767121, 0.86258561643835618, 0.86279965753424659, 0.86483304794520544, 0.86558219178082196, 0.86622431506849318, 0.86675941780821919, 0.86804366438356162, 0.86954195205479456, 0.8709332191780822, 0.87221746575342463, 0.87307363013698636, 0.87403681506849318, 0.87371575342465757], 'loss': [0.84772586332608579, 0.71148782499032481, 0.65313474721696274, 0.61344972477383808, 0.58424173254672795, 0.56137443486958338, 0.54290402221353085, 0.52687471063986213, 0.5130433188113448, 0.50084735871586084, 0.49005972415412941, 0.48015064945163793, 0.47123402086635158, 0.46299440673973463, 0.45535828683474294, 0.44809585064649582, 0.44152518397528834, 0.43533737345101081, 0.42944296161095574, 0.4239231666983807, 0.41869934301262035, 0.41364549054470778, 0.40869594896084643, 0.40430067020328075, 0.39989078769536868, 0.39567893493461281, 0.39164116840860613, 0.38785935724026538, 0.38409497497016437, 0.3806280881574709, 0.37716841137623541, 0.37366404119011476, 0.37060605142622777, 0.3674825939209494, 0.36448862862913578, 0.36158809300563105, 0.35871046508522064, 0.35596997576625378, 0.35329499838184819, 0.35076204217868306, 0.34800384826447867, 0.34572173438149773, 0.34338021615188413, 0.34097099791548841, 0.33872795120289884, 0.33626818590580598, 0.33405267743215167, 0.33210003337733551, 0.32998668690760657, 0.32792280846568822], 'val_acc': [0.66352739726027399, 0.71532534246575341, 0.73737157534246578, 0.74721746575342463, 0.75535102739726023, 0.75941780821917804, 0.76455479452054798, 0.76733732876712324, 0.76926369863013699, 0.77204623287671237, 0.77140410958904104, 0.77311643835616439, 0.77397260273972601, 0.7773972602739726, 0.77782534246575341, 0.77846746575342463, 0.77696917808219179, 0.7771832191780822, 0.7773972602739726, 0.77825342465753422, 0.77761130136986301, 0.77803938356164382, 0.77803938356164382, 0.77803938356164382, 0.77761130136986301, 0.77846746575342463, 0.77761130136986301, 0.77846746575342463, 0.77803938356164382, 0.77761130136986301, 0.7773972602739726, 0.77482876712328763, 0.77440068493150682, 0.77482876712328763, 0.77461472602739723, 0.77525684931506844, 0.77547089041095896, 0.77461472602739723, 0.77611301369863017, 0.77461472602739723, 0.77675513698630139, 0.77568493150684936, 0.77461472602739723, 0.77461472602739723, 0.77547089041095896, 0.77568493150684936, 0.7735445205479452, 0.7733304794520548, 0.77247431506849318, 0.7733304794520548], 'val_loss': [0.74509522441315323, 0.67980721980741576, 0.64159254893048168, 0.61672221552835749, 0.59968954753385828, 0.58819741970055728, 0.57922222230532394, 0.57263163344500811, 0.5678919621118127, 0.56444025345861093, 0.56148398636955099, 0.55973267228636026, 0.55816391763621809, 0.55776315621317252, 0.55725608480303257, 0.5570474062880425, 0.55690376991278501, 0.55734646789831654, 0.55832882950158969, 0.5591055228285593, 0.55992590258382768, 0.56061735769657239, 0.56210599829481067, 0.56328630426975146, 0.56502364177818165, 0.56707220953213022, 0.56840542020046547, 0.56980172391623662, 0.57177232318136795, 0.57347992552469851, 0.57534573288404778, 0.57706288074793877, 0.57905872370282263, 0.58078558120417267, 0.58262064940717118, 0.5844868769588536, 0.58653350245870961, 0.58835996830300108, 0.59100704456437125, 0.5918742475444323, 0.59518595499126881, 0.59676139771121817, 0.59921312117821546, 0.60004237712654351, 0.60217568717182501, 0.6044633429344386, 0.60555285358265654, 0.60738266381907136, 0.6094853739215903, 0.61141581537380607]}
41.9029998779

NN2
adam
tanh
10
train
0.97238869863
valid
0.690924657534
historique
{'acc': [0.67925941780821919, 0.80597174657534243, 0.84813784246575341, 0.87318065068493156, 0.89137414383561642, 0.90560787671232879, 0.91984160958904104, 0.92658390410958902, 0.93214897260273977, 0.93632277397260277, 0.94071061643835618, 0.94327910958904104, 0.94456335616438358, 0.94841609589041098, 0.95002140410958902, 0.95066352739726023, 0.95248287671232879, 0.95398116438356162, 0.95494434931506844, 0.95494434931506844, 0.95869006849315064, 0.95751284246575341, 0.95815496575342463, 0.95911815068493156, 0.96190068493150682, 0.96286386986301364, 0.96168664383561642, 0.96232876712328763, 0.96307791095890416, 0.96382705479452058, 0.96564640410958902, 0.96543236301369861, 0.9646832191780822, 0.96671660958904104, 0.96767979452054798, 0.96821489726027399, 0.96821489726027399, 0.96928510273972601, 0.96992722602739723, 0.97035530821917804, 0.97003424657534243, 0.97024828767123283, 0.97099743150684936, 0.97153253424657537, 0.97110445205479456, 0.97142551369863017, 0.97228167808219179, 0.97313784246575341, 0.97410102739726023, 0.97238869863013699], 'loss': [0.73644797126316042, 0.51229271251861364, 0.41091311835262873, 0.34652858947033749, 0.30117189626477353, 0.26542331849875517, 0.23750988462914344, 0.21496928871086199, 0.19770779657139353, 0.18376174916781179, 0.17152827564780027, 0.16165306907759547, 0.15375609970842935, 0.14619782184926819, 0.14014743038848654, 0.13512591831705034, 0.1292557812946504, 0.12526998171353176, 0.12109555768117003, 0.11804810888452889, 0.11490434648992162, 0.11189304053949269, 0.10876578018739054, 0.10639836271261567, 0.10449909782579347, 0.10210285696507215, 0.10017876131204914, 0.097999519411767891, 0.096509156932046453, 0.094844678678383976, 0.092570600738551168, 0.091078510646682792, 0.090767068504547216, 0.089375921467650832, 0.087632587560682165, 0.087053498655098344, 0.085059607714057378, 0.083802115852300282, 0.082579619115639533, 0.081560085571453944, 0.081285816293579768, 0.079719044138958084, 0.078716974281259386, 0.077284531834477893, 0.077013469050791469, 0.075801201858430187, 0.074919195209625047, 0.073377841672531571, 0.072146909666241293, 0.071545204029686449], 'val_acc': [0.75321061643835618, 0.77097602739726023, 0.77568493150684936, 0.77140410958904104, 0.76840753424657537, 0.76262842465753422, 0.75749143835616439, 0.75470890410958902, 0.7497859589041096, 0.74657534246575341, 0.74250856164383561, 0.73994006849315064, 0.74122431506849318, 0.7341609589041096, 0.73651541095890416, 0.73202054794520544, 0.72880993150684936, 0.72709760273972601, 0.72602739726027399, 0.72153253424657537, 0.71960616438356162, 0.71511130136986301, 0.72153253424657537, 0.71553938356164382, 0.7185359589041096, 0.71404109589041098, 0.71575342465753422, 0.71168664383561642, 0.70633561643835618, 0.71190068493150682, 0.70419520547945202, 0.70483732876712324, 0.70034246575342463, 0.70248287671232879, 0.69948630136986301, 0.70162671232876717, 0.69755993150684936, 0.70119863013698636, 0.6992722602739726, 0.6954195205479452, 0.69220890410958902, 0.69563356164383561, 0.69306506849315064, 0.69199486301369861, 0.69392123287671237, 0.69627568493150682, 0.69071061643835618, 0.6872859589041096, 0.69392123287671237, 0.69092465753424659], 'val_loss': [0.61197562923986615, 0.55083881543107227, 0.54985539431441322, 0.56509089541353597, 0.59039572197688772, 0.62421157027352348, 0.66081523058349134, 0.69870149803488224, 0.74466185782053695, 0.78380947468215467, 0.82754903725565299, 0.87418587740561737, 0.9175718340971698, 0.96339352643244891, 1.0035876820552838, 1.0481411768761399, 1.0933489996480614, 1.1332445041569945, 1.1783777049755397, 1.2279614608173501, 1.2619596361501577, 1.3066668480838814, 1.3492522221313763, 1.3948577556708088, 1.4346726838856527, 1.4699120535834196, 1.5133225013540215, 1.5547540412373739, 1.5986477210097116, 1.625927083908695, 1.6636860001168838, 1.7012344368108332, 1.7418422415240171, 1.7745327965853965, 1.812911917085517, 1.8374713604172614, 1.8868578921442163, 1.9062768043312308, 1.9378842927821696, 1.9707012511279485, 2.0100366832458811, 2.0329045022595418, 2.0644075394901509, 2.096193855551824, 2.1234061583264232, 2.1508963895987159, 2.1801022131965584, 2.2175563275814056, 2.2233035601165199, 2.2489990640992987]}
44.6859998703

NN2
adamax
tanh
10
train
0.955479452055
valid
0.734589041096
historique
{'acc': [0.64940068493150682, 0.74454195205479456, 0.78210616438356162, 0.80629280821917804, 0.81913527397260277, 0.83005136986301364, 0.83711472602739723, 0.84824486301369861, 0.85637842465753422, 0.86440496575342463, 0.86975599315068497, 0.87446489726027399, 0.8789597602739726, 0.88484589041095896, 0.8908390410958904, 0.89351455479452058, 0.8986515410958904, 0.90068493150684936, 0.90464469178082196, 0.9099957191780822, 0.91277825342465757, 0.91513270547945202, 0.91738013698630139, 0.92059075342465757, 0.92262414383561642, 0.92487157534246578, 0.92765410958904104, 0.92861729452054798, 0.93107876712328763, 0.93247003424657537, 0.93450342465753422, 0.93675085616438358, 0.9376070205479452, 0.93974743150684936, 0.9415667808219178, 0.9414597602739726, 0.94392123287671237, 0.94477739726027399, 0.94606164383561642, 0.94606164383561642, 0.94723886986301364, 0.94852311643835618, 0.94873715753424659, 0.95002140410958902, 0.95044948630136983, 0.95098458904109584, 0.95184075342465757, 0.95130565068493156, 0.95344606164383561, 0.95547945205479456], 'loss': [0.79153501864981979, 0.62317314876677243, 0.54347806709678204, 0.49600265062835119, 0.46245115490196503, 0.43575083872635073, 0.41250235163798071, 0.39261351199182748, 0.37530073043826506, 0.35860063666350223, 0.34415754936125181, 0.33065281287856296, 0.31825926509519964, 0.30631885162159189, 0.2956339694712668, 0.28541671729659379, 0.27553161172425911, 0.26657528608833275, 0.25794340718588599, 0.24941335996128108, 0.24141302373107165, 0.23372169881293628, 0.22665233626859646, 0.22017559405314188, 0.21416670806093574, 0.20832131700972989, 0.20235524853461817, 0.19710365288622983, 0.19201678528820407, 0.18730829793908824, 0.18276043069127895, 0.17877929086146288, 0.17415753651206214, 0.17080979141062252, 0.16670172958800647, 0.16335049836118132, 0.16021942237570677, 0.15696054916471652, 0.15391470651359182, 0.15094691353582151, 0.14867325273202095, 0.14577245287444085, 0.14330319203563954, 0.14095179663894519, 0.13861842678655703, 0.13707261790253528, 0.13499226005849976, 0.13287868602073763, 0.13131935345902018, 0.12857517266760848], 'val_acc': [0.70612157534246578, 0.75599315068493156, 0.76904965753424659, 0.76797945205479456, 0.77204623287671237, 0.7771832191780822, 0.77525684931506844, 0.77761130136986301, 0.77803938356164382, 0.77889554794520544, 0.77547089041095896, 0.7771832191780822, 0.77611301369863017, 0.77226027397260277, 0.76990582191780821, 0.76712328767123283, 0.76455479452054798, 0.76305650684931503, 0.76498287671232879, 0.75941780821917804, 0.75898972602739723, 0.75706335616438358, 0.75727739726027399, 0.75706335616438358, 0.76005993150684936, 0.75642123287671237, 0.75556506849315064, 0.75513698630136983, 0.75428082191780821, 0.75149828767123283, 0.7497859589041096, 0.75149828767123283, 0.74764554794520544, 0.74785958904109584, 0.74828767123287676, 0.74636130136986301, 0.74529109589041098, 0.74507705479452058, 0.73972602739726023, 0.73951198630136983, 0.7420804794520548, 0.74315068493150682, 0.73801369863013699, 0.74015410958904104, 0.74058219178082196, 0.73779965753424659, 0.74015410958904104, 0.7345890410958904, 0.73929794520547942, 0.7345890410958904], 'val_loss': [0.6843098967450939, 0.60153964325173259, 0.56899790159643515, 0.5563099725197439, 0.55054015553977387, 0.54891871038365037, 0.55173516069373041, 0.55362556568563803, 0.55848461818205164, 0.56590991814250813, 0.57023303047434926, 0.57682660967111588, 0.58642816155740662, 0.59625167022012682, 0.60505473787245689, 0.61521510851301564, 0.62558646847123967, 0.6367277055978775, 0.65004525139723734, 0.66300758954188599, 0.67784466992502346, 0.69059231826295586, 0.70420598606132478, 0.7181826216513163, 0.7360358963886352, 0.74893703750551566, 0.76612846247137412, 0.78136596838905392, 0.79794342519894035, 0.81381017092156083, 0.83026192878207117, 0.84782990374385492, 0.8649896768062082, 0.88351402513376653, 0.90104859802004411, 0.91774046441463575, 0.93832414821810917, 0.95729946988086179, 0.97175841360059501, 0.99123322014531046, 1.0120116027250683, 1.0357937554586423, 1.0465268737649265, 1.0687402127540275, 1.0863574946375743, 1.1027305521173021, 1.122925156089541, 1.1377910070427477, 1.159880886135036, 1.1766962426370138]}
40.743999958

NN2
nadam
tanh
10
train
0.983946917808
valid
0.681720890411
historique
{'acc': [0.7107234589041096, 0.82523544520547942, 0.86772260273972601, 0.89415667808219179, 0.91127996575342463, 0.92262414383561642, 0.93300513698630139, 0.9377140410958904, 0.93835616438356162, 0.94242294520547942, 0.94467037671232879, 0.94745291095890416, 0.94863013698630139, 0.95066352739726023, 0.95141267123287676, 0.95483732876712324, 0.95751284246575341, 0.95772688356164382, 0.95869006849315064, 0.95772688356164382, 0.95890410958904104, 0.96211472602739723, 0.96286386986301364, 0.96297089041095896, 0.96436215753424659, 0.96543236301369861, 0.96703767123287676, 0.96778681506849318, 0.96949914383561642, 0.96907106164383561, 0.97163955479452058, 0.9726027397260274, 0.97292380136986301, 0.97217465753424659, 0.97420804794520544, 0.97474315068493156, 0.97549229452054798, 0.97602739726027399, 0.97688356164383561, 0.9763484589041096, 0.97752568493150682, 0.97773972602739723, 0.97977311643835618, 0.98116438356164382, 0.98255565068493156, 0.98255565068493156, 0.98255565068493156, 0.98276969178082196, 0.98319777397260277, 0.98394691780821919], 'loss': [0.69310269729323581, 0.45729443068577819, 0.35258934519266427, 0.28778222866662562, 0.24411156469930526, 0.21392323167305693, 0.19170287856194254, 0.17572371544290896, 0.16420084956318956, 0.1548097054856791, 0.14610642752265685, 0.13994194046045616, 0.13389418727067642, 0.12953730895860147, 0.12437040146682667, 0.12046078941146907, 0.11546454814977128, 0.11275241876336785, 0.11010973977422571, 0.10760827637628384, 0.10424493513810001, 0.10122115729848714, 0.097696667264394257, 0.096586908119705134, 0.094125309219099076, 0.090698097781469561, 0.087931110667166842, 0.086579615746190997, 0.083636987644203062, 0.082326070705352167, 0.079550155504664072, 0.077427126216855255, 0.074759440133762733, 0.073503209801059066, 0.072024379760203941, 0.069652562493726311, 0.067959116611148118, 0.066081686427797617, 0.063961973550174481, 0.063395900337650662, 0.060293915654430548, 0.060403386525624776, 0.057460063345027027, 0.056469851821519063, 0.054794738920364044, 0.052880231444997004, 0.052244045717636925, 0.050361836853170805, 0.048996882779485454, 0.047140215368054759], 'val_acc': [0.77547089041095896, 0.77204623287671237, 0.76883561643835618, 0.75941780821917804, 0.75278253424657537, 0.75064212328767121, 0.74165239726027399, 0.74058219178082196, 0.7382277397260274, 0.73330479452054798, 0.73116438356164382, 0.72517123287671237, 0.72581335616438358, 0.72024828767123283, 0.72238869863013699, 0.71639554794520544, 0.71660958904109584, 0.70997431506849318, 0.70997431506849318, 0.71275684931506844, 0.70783390410958902, 0.70184075342465757, 0.70440924657534243, 0.69991438356164382, 0.70505136986301364, 0.69948630136986301, 0.6990582191780822, 0.703125, 0.70077054794520544, 0.69863013698630139, 0.7033390410958904, 0.6952054794520548, 0.69606164383561642, 0.69820205479452058, 0.69584760273972601, 0.69392123287671237, 0.69285102739726023, 0.69349315068493156, 0.69028253424657537, 0.69092465753424659, 0.69242294520547942, 0.68835616438356162, 0.68792808219178081, 0.68814212328767121, 0.68814212328767121, 0.68065068493150682, 0.6797945205479452, 0.6872859589041096, 0.68300513698630139, 0.68172089041095896], 'val_loss': [0.56621462984444348, 0.55808787629620671, 0.59156307486230375, 0.64690343760056035, 0.71207615661702739, 0.77045132699486329, 0.84354064072648138, 0.89912863106352015, 0.97049481758516132, 1.0207861495548731, 1.0864012169919601, 1.131387780280146, 1.1955563866928831, 1.2492792736994076, 1.290931321578483, 1.3469640593210312, 1.4018414294066495, 1.4472453808539534, 1.4955091209036031, 1.5243983097272376, 1.5772259476250166, 1.6132301063570258, 1.6617507930487803, 1.7058586206746429, 1.7283672071891287, 1.781173343527807, 1.8238310275012499, 1.8515642442523617, 1.8928208179669836, 1.919805059286013, 1.9478607897276747, 1.9957317484364117, 2.0319717953058136, 2.0585054665395659, 2.0827565837192208, 2.1188608618223506, 2.1517854982042968, 2.1832551122324109, 2.2129496431922258, 2.2349585274310959, 2.2625875828200823, 2.2983664459969901, 2.3288451878175342, 2.3626839543042117, 2.378328147510143, 2.4188252593556494, 2.4577867794935018, 2.4467889702279275, 2.4933806524088937, 2.5148228012943923]}
52.2590000629

NN2
sgd
tanh
3460
train
0.851669520548
valid
0.773544520548
historique
{'acc': [0.6365582191780822, 0.64961472602739723, 0.66834332191780821, 0.69092465753424659, 0.70751284246575341, 0.7228167808219178, 0.73362585616438358, 0.73876284246575341, 0.74497003424657537, 0.74850171232876717, 0.75224743150684936, 0.75727739726027399, 0.76113013698630139, 0.76723030821917804, 0.77215325342465757, 0.77514982876712324, 0.78017979452054798, 0.78638698630136983, 0.79077482876712324, 0.7929152397260274, 0.79623287671232879, 0.80019263698630139, 0.80522260273972601, 0.80511558219178081, 0.80821917808219179, 0.80993150684931503, 0.81485445205479456, 0.81410530821917804, 0.81710188356164382, 0.81838613013698636, 0.81988441780821919, 0.82127568493150682, 0.82309503424657537, 0.82373715753424659, 0.82662671232876717, 0.82866010273972601, 0.83154965753424659, 0.83283390410958902, 0.83711472602739723, 0.83732876712328763, 0.83722174657534243, 0.83925513698630139, 0.84096746575342463, 0.84214469178082196, 0.84449914383561642, 0.84621147260273977, 0.84728167808219179, 0.84867294520547942, 0.85049229452054798, 0.8516695205479452], 'loss': [0.86447136267407299, 0.78051321126826823, 0.73984730427395806, 0.70943256436961966, 0.68574133443914043, 0.66610261063053189, 0.64905267137370692, 0.63435491031571611, 0.62095907779589088, 0.60888716578483582, 0.59765245602147221, 0.58715178276578039, 0.57754426133142756, 0.56846824717031763, 0.5600249538682911, 0.55196333543895038, 0.54429185890579879, 0.53700764558903158, 0.52987726522635104, 0.52313154685783059, 0.51710503951531572, 0.51109284825929224, 0.50484686263211787, 0.49949725247817495, 0.49391569304343774, 0.48870067737282141, 0.48343292894224599, 0.47842516260196083, 0.47367475217539973, 0.4690173976633647, 0.46455453218866699, 0.46008775679215991, 0.45576599311746963, 0.45143372198081999, 0.44713903534902283, 0.44330331045266702, 0.43933602662323273, 0.43532527855610192, 0.43175371271902568, 0.42793006378493897, 0.42427474913531787, 0.42085834291495688, 0.4172111506229394, 0.41385335230255782, 0.41026209437683836, 0.40704700774321817, 0.40367240974143759, 0.40023008953422717, 0.39744250246719137, 0.39396595658913053], 'val_acc': [0.64940068493150682, 0.66952054794520544, 0.6875, 0.69648972602739723, 0.71232876712328763, 0.72495719178082196, 0.72581335616438358, 0.73223458904109584, 0.73544520547945202, 0.73994006849315064, 0.74315068493150682, 0.74357876712328763, 0.7459332191780822, 0.75171232876712324, 0.75192636986301364, 0.75513698630136983, 0.75428082191780821, 0.75920376712328763, 0.76005993150684936, 0.75877568493150682, 0.76284246575342463, 0.76369863013698636, 0.76519691780821919, 0.76476883561643838, 0.765625, 0.76519691780821919, 0.76669520547945202, 0.76476883561643838, 0.76819349315068497, 0.765625, 0.77011986301369861, 0.77204623287671237, 0.77076198630136983, 0.77119006849315064, 0.77097602739726023, 0.77140410958904104, 0.77161815068493156, 0.7696917808219178, 0.77226027397260277, 0.77204623287671237, 0.76990582191780821, 0.77011986301369861, 0.77076198630136983, 0.77161815068493156, 0.77290239726027399, 0.77204623287671237, 0.77482876712328763, 0.77547089041095896, 0.77375856164383561, 0.7735445205479452], 'val_loss': [0.79626777196583687, 0.75120619755901707, 0.718928824140601, 0.69548595319055528, 0.67674277641185343, 0.66197879694096029, 0.64931257293648914, 0.63854051432380943, 0.62936743603993772, 0.62109315783193664, 0.61393204943774493, 0.60762308946211041, 0.60194027423858643, 0.59766189549883753, 0.59263669709636746, 0.58838193771773817, 0.58517399654813007, 0.58170451611688689, 0.57905788719654083, 0.57728870743758054, 0.57399020742063656, 0.57174229091160922, 0.56992779406782701, 0.56850107524492965, 0.56754982940954701, 0.56579179449440686, 0.56452962654094174, 0.56338809042760774, 0.5622572792719488, 0.56177048528031126, 0.56092231506354184, 0.560557144145443, 0.56003708178049894, 0.55923851324270846, 0.55869774479572087, 0.55857216862783043, 0.55853705945080279, 0.55926299197216556, 0.55820435510106281, 0.55899243342549831, 0.55889885290844799, 0.55890889139208078, 0.55900035492361411, 0.55902041351958498, 0.55959322966941416, 0.55978980354250296, 0.56010533216064928, 0.56105010578893633, 0.56109266370943145, 0.56194978707457244]}
1951.7249999

NN2
rmsprop
tanh
3460
train
0.914169520548
valid
0.749785958904
historique
{'acc': [0.75556506849315064, 0.81207191780821919, 0.8360445205479452, 0.84471318493150682, 0.85841181506849318, 0.86590325342465757, 0.86836472602739723, 0.87392979452054798, 0.87756849315068497, 0.87831763698630139, 0.87863869863013699, 0.88238441780821919, 0.88441780821917804, 0.88730736301369861, 0.88762842465753422, 0.88784246575342463, 0.88752140410958902, 0.89394263698630139, 0.89308647260273977, 0.89576198630136983, 0.89768835616438358, 0.89661815068493156, 0.89619006849315064, 0.89897260273972601, 0.90143407534246578, 0.90100599315068497, 0.90089897260273977, 0.90132705479452058, 0.90154109589041098, 0.90154109589041098, 0.90271832191780821, 0.9021832191780822, 0.90592893835616439, 0.90774828767123283, 0.90550085616438358, 0.90742722602739723, 0.9099957191780822, 0.90721318493150682, 0.90774828767123283, 0.90839041095890416, 0.91309931506849318, 0.9099957191780822, 0.91085188356164382, 0.91267123287671237, 0.91149400684931503, 0.91374143835616439, 0.91288527397260277, 0.91481164383561642, 0.91545376712328763, 0.9141695205479452], 'loss': [0.6061314122929965, 0.47043516109250993, 0.42043638369706393, 0.39155634627868868, 0.37097391422378689, 0.35410700378658838, 0.3426178376802741, 0.33392338523615711, 0.32819921046189249, 0.31781763899816223, 0.31495050978783057, 0.31062383464958571, 0.30425089209863582, 0.29906032101748742, 0.29741961419684432, 0.29431015046389952, 0.29154317888546072, 0.28673175643261983, 0.2854422616759596, 0.28248376854733653, 0.27907447668736518, 0.28029438318710215, 0.27609878363827728, 0.2751720398281739, 0.27516701105624847, 0.26906440052369685, 0.27074403109105483, 0.26743510907694495, 0.26880753586349421, 0.26488882737004593, 0.26377223726770244, 0.26428047303518615, 0.26102851588942416, 0.26095701408355609, 0.25930823665112257, 0.25612669774930769, 0.2567369919908169, 0.2569394360411249, 0.25287491035941123, 0.25379988484799043, 0.25124586360809736, 0.25163417535336458, 0.25190228864244402, 0.24819467721940719, 0.24744114416255936, 0.24773386851182744, 0.24876595206864893, 0.24451034102741986, 0.2449188332762314, 0.24203985468930986], 'val_acc': [0.77076198630136983, 0.76862157534246578, 0.77375856164383561, 0.76712328767123283, 0.76091609589041098, 0.76455479452054798, 0.76455479452054798, 0.75941780821917804, 0.76113013698630139, 0.75856164383561642, 0.76070205479452058, 0.75577910958904104, 0.75513698630136983, 0.75963184931506844, 0.75620719178082196, 0.75856164383561642, 0.75256849315068497, 0.75256849315068497, 0.75299657534246578, 0.74272260273972601, 0.75235445205479456, 0.75684931506849318, 0.74892979452054798, 0.74700342465753422, 0.74807363013698636, 0.74272260273972601, 0.75149828767123283, 0.74764554794520544, 0.75128424657534243, 0.74721746575342463, 0.74764554794520544, 0.75363869863013699, 0.75278253424657537, 0.74914383561643838, 0.75620719178082196, 0.74636130136986301, 0.73672945205479456, 0.74529109589041098, 0.75171232876712324, 0.75171232876712324, 0.74892979452054798, 0.7459332191780822, 0.73501712328767121, 0.7461472602739726, 0.72838184931506844, 0.74700342465753422, 0.74315068493150682, 0.74828767123287676, 0.75149828767123283, 0.7497859589041096], 'val_loss': [0.57395771625515535, 0.58496505542568966, 0.58969089307197153, 0.6287161295544611, 0.63614923425324976, 0.63783565265675113, 0.68193097535061509, 0.69340508849653482, 0.69325912284524471, 0.71462155990812881, 0.70821280522297503, 0.7215335198665318, 0.73383067742194219, 0.78258141936504677, 0.73568891713472262, 0.72949288918139188, 0.81414465565387517, 0.74330277067341222, 0.75403696737469061, 0.84732380233807103, 0.78697951362557605, 0.76003202979695306, 0.81655885901761383, 0.82932769292837949, 0.80595459840069084, 0.85092546678569214, 0.80606491179907158, 0.80495542328651637, 0.83209893964741333, 0.85246741975823492, 0.90172524107237384, 0.82924259117204846, 0.87499689208726361, 0.84083816715299264, 0.88463605409615664, 0.95012565120442272, 0.94074190846861228, 0.84313993421319411, 0.91319646788378284, 0.88014121333213702, 1.0116922973769984, 0.9111365403418672, 0.92131137266142726, 0.98238911520536631, 0.94407816098569186, 0.99094931822117061, 0.88524834934162766, 1.001282589688693, 0.89730401184052633, 0.95214504442394599]}
3849.73199987

NN2
adagrad
tanh
3460
train
0.97238869863
valid
0.695205479452
historique
{'acc': [0.75064212328767121, 0.85766267123287676, 0.89736729452054798, 0.91738013698630139, 0.92872431506849318, 0.93782106164383561, 0.94231592465753422, 0.9455265410958904, 0.94970034246575341, 0.95130565068493156, 0.95087756849315064, 0.95580051369863017, 0.95612157534246578, 0.9571917808219178, 0.95890410958904104, 0.96008133561643838, 0.96125856164383561, 0.96275684931506844, 0.96147260273972601, 0.96243578767123283, 0.96446917808219179, 0.9647902397260274, 0.96532534246575341, 0.96543236301369861, 0.96564640410958902, 0.96735873287671237, 0.96767979452054798, 0.96757277397260277, 0.96949914383561642, 0.96800085616438358, 0.9685359589041096, 0.96928510273972601, 0.96907106164383561, 0.96949914383561642, 0.97024828767123283, 0.96917808219178081, 0.97056934931506844, 0.96971318493150682, 0.97046232876712324, 0.97121147260273977, 0.97056934931506844, 0.97163955479452058, 0.97056934931506844, 0.97238869863013699, 0.97196061643835618, 0.97238869863013699, 0.97206763698630139, 0.97217465753424659, 0.9726027397260274, 0.97238869863013699], 'loss': [0.60988221945215582, 0.3625603705542545, 0.2730919133922825, 0.22201174052355632, 0.1900425245219918, 0.16920653515661213, 0.15584272937211271, 0.14609006488032333, 0.1371961870830353, 0.12940753295966614, 0.12550381593061738, 0.11957845715040417, 0.116342219119024, 0.11181066317120185, 0.10932131451458912, 0.10630446781200191, 0.10462702479379328, 0.101688699050462, 0.10026339043014722, 0.098213853628680819, 0.096197535255158395, 0.095605774187763559, 0.093684093651923109, 0.09235588390833048, 0.091801360680096561, 0.089948944016264062, 0.088964066141259485, 0.087666360927707424, 0.087603743511813451, 0.086496154330383782, 0.085479898738662061, 0.084525679587386549, 0.084070507416259238, 0.083463830283319912, 0.082464003871667052, 0.082051646246651372, 0.081382218628726286, 0.080624426873751653, 0.080674750869934225, 0.079995624712279251, 0.079386043742662685, 0.078891395712398907, 0.078269834378223921, 0.078033364134320785, 0.077526222811597212, 0.076889726164278721, 0.076652837132601293, 0.076561943390677775, 0.075811710000940766, 0.075796179709420222], 'val_acc': [0.77525684931506844, 0.76926369863013699, 0.75556506849315064, 0.74807363013698636, 0.74165239726027399, 0.73608732876712324, 0.73587328767123283, 0.73287671232876717, 0.73073630136986301, 0.72581335616438358, 0.7264554794520548, 0.72324486301369861, 0.72067636986301364, 0.72131849315068497, 0.71511130136986301, 0.71254280821917804, 0.71789383561643838, 0.70997431506849318, 0.71361301369863017, 0.70890410958904104, 0.71703767123287676, 0.70954623287671237, 0.70676369863013699, 0.70590753424657537, 0.70804794520547942, 0.70547945205479456, 0.70355308219178081, 0.70569349315068497, 0.7071917808219178, 0.70590753424657537, 0.70205479452054798, 0.70269691780821919, 0.69991438356164382, 0.7029109589041096, 0.70077054794520544, 0.70205479452054798, 0.69948630136986301, 0.69648972602739723, 0.69970034246575341, 0.70012842465753422, 0.69820205479452058, 0.69820205479452058, 0.69863013698630139, 0.69563356164383561, 0.6952054794520548, 0.69306506849315064, 0.69670376712328763, 0.69327910958904104, 0.69413527397260277, 0.6952054794520548], 'val_loss': [0.55621637363139897, 0.61600081020430342, 0.72509382328350247, 0.81054009905416669, 0.89965291954066651, 0.97980174258963704, 1.0472089265511459, 1.1081275201007112, 1.1609033049173552, 1.2248412374764273, 1.2764567849162507, 1.332244005819706, 1.3738613063341951, 1.4231155018692148, 1.4584911382974011, 1.5017432301011804, 1.5383329694605854, 1.574865194828543, 1.6018380016496736, 1.6456434565455946, 1.6688271889539614, 1.7012316315141442, 1.7330048172032997, 1.7583247180262658, 1.7783831547792643, 1.8090875420260102, 1.8358730649294919, 1.8571600673133379, 1.8832972170147178, 1.9041893612848568, 1.9263668699215537, 1.9475701703396562, 1.9796994363200175, 1.9928221579079759, 2.0091729309052635, 2.025232607167061, 2.052233481243865, 2.0737818433609729, 2.0847885664807606, 2.1028571131907099, 2.1212007554426586, 2.1298965876028961, 2.146095210354622, 2.1693415781610632, 2.18309004625229, 2.2025262245984925, 2.2073042265152276, 2.2344565458901942, 2.2394045021844238, 2.2506605403064048]}
3705.57299995

NN2
adadelta
tanh
3460
train
0.946810787671
valid
0.72966609589
historique
{'acc': [0.72902397260273977, 0.79644691780821919, 0.81902825342465757, 0.83625856164383561, 0.84813784246575341, 0.859375, 0.86900684931506844, 0.87671232876712324, 0.8830265410958904, 0.88987585616438358, 0.89244434931506844, 0.89961472602739723, 0.90507277397260277, 0.90764126712328763, 0.91042380136986301, 0.91245719178082196, 0.91759417808219179, 0.91994863013698636, 0.92112585616438358, 0.92251712328767121, 0.92476455479452058, 0.92690496575342463, 0.92808219178082196, 0.92754708904109584, 0.93022260273972601, 0.93396832191780821, 0.9336472602739726, 0.93407534246575341, 0.93332619863013699, 0.93600171232876717, 0.93418236301369861, 0.93878424657534243, 0.93867722602739723, 0.94006849315068497, 0.93782106164383561, 0.94006849315068497, 0.93974743150684936, 0.9412457191780822, 0.94210188356164382, 0.94252996575342463, 0.94263698630136983, 0.94413527397260277, 0.94413527397260277, 0.94285102739726023, 0.94627568493150682, 0.94574058219178081, 0.94434931506849318, 0.94659674657534243, 0.94627568493150682, 0.94681078767123283], 'loss': [0.64281753164856403, 0.50643296141738758, 0.45172527182387978, 0.41565628293646523, 0.38880269811169743, 0.36373889961675421, 0.34400049020370393, 0.32713948315239116, 0.31210732814690023, 0.29877305074199423, 0.28550534729833066, 0.27565242186801076, 0.26397795017094239, 0.25669468542535417, 0.24771492992055744, 0.24077266572068814, 0.23452926887046188, 0.22874918535402786, 0.2232850255342583, 0.21736432968524017, 0.21321547109225433, 0.20829308480789807, 0.20664529966777317, 0.20090619039606966, 0.19724921323359013, 0.1953453370178603, 0.19154568989952542, 0.1886351231983161, 0.18689774041229937, 0.18340863288086776, 0.18323106052711197, 0.17955523624072131, 0.17724923349993482, 0.1759704220019383, 0.17472729633549508, 0.17236287364965841, 0.17172896908596158, 0.16892332177966424, 0.16787765769619648, 0.16743709189715247, 0.16657974335926343, 0.1641847098386553, 0.16344077170073781, 0.16199948547459017, 0.16110515594482422, 0.16103476359292049, 0.15875059918640819, 0.15805065568077237, 0.15832414640088197, 0.1570877097483265], 'val_acc': [0.76262842465753422, 0.77268835616438358, 0.77418664383561642, 0.77418664383561642, 0.765625, 0.76690924657534243, 0.76498287671232879, 0.75813356164383561, 0.76113013698630139, 0.76262842465753422, 0.75171232876712324, 0.75535102739726023, 0.75149828767123283, 0.75256849315068497, 0.75449486301369861, 0.75064212328767121, 0.75107020547945202, 0.74636130136986301, 0.75149828767123283, 0.74336472602739723, 0.74657534246575341, 0.73480308219178081, 0.74315068493150682, 0.74571917808219179, 0.74721746575342463, 0.74079623287671237, 0.74422089041095896, 0.734375, 0.73330479452054798, 0.73865582191780821, 0.74165239726027399, 0.73565924657534243, 0.73694349315068497, 0.73351883561643838, 0.72966609589041098, 0.73608732876712324, 0.73330479452054798, 0.7341609589041096, 0.73908390410958902, 0.74101027397260277, 0.73330479452054798, 0.73544520547945202, 0.73116438356164382, 0.7345890410958904, 0.72945205479452058, 0.73758561643835618, 0.73886986301369861, 0.72859589041095896, 0.73608732876712324, 0.72966609589041098], 'val_loss': [0.57170563854583323, 0.56147012237000138, 0.56971610174195408, 0.58111359219845027, 0.59796843902297214, 0.60856843678510353, 0.63214756344279199, 0.65282297144605694, 0.66478933536843077, 0.67578241892465174, 0.70442117811882332, 0.7132334873488505, 0.73681102509367957, 0.75632127415235728, 0.76257384415358709, 0.77337716274882018, 0.79151775391950996, 0.81048760440659851, 0.824887594233637, 0.84290093959194345, 0.85867268194074498, 0.88918027332792549, 0.87631733103157727, 0.89597704567729608, 0.90128436439657866, 0.90743027474373983, 0.92543984520925238, 0.94134529077843443, 0.95225776160416542, 0.96208298951387405, 0.96738720766893804, 0.97196191457444669, 0.98286250764376493, 0.99542388095431134, 1.0018328566053143, 0.99824819315786228, 1.0170652217244449, 1.0275978140839159, 1.0444449445564452, 1.0544154384773072, 1.0466762916886643, 1.058656576255413, 1.0601205397142124, 1.0839627095281261, 1.0785456903993267, 1.0755972663221294, 1.0849431163235888, 1.0947490512099984, 1.1042721947170284, 1.1159426941447061]}
4858.8440001

NN2
adam
tanh
3460
train
0.963827054795
valid
0.690282534247
historique
{'acc': [0.74903681506849318, 0.84899400684931503, 0.8825984589041096, 0.9021832191780822, 0.91106592465753422, 0.92305222602739723, 0.9256207191780822, 0.9296875, 0.93268407534246578, 0.93782106164383561, 0.93664383561643838, 0.9414597602739726, 0.94306506849315064, 0.94242294520547942, 0.94424229452054798, 0.94863013698630139, 0.94659674657534243, 0.94670376712328763, 0.94766695205479456, 0.95280393835616439, 0.9490582191780822, 0.94991438356164382, 0.95269691780821919, 0.95194777397260277, 0.95419520547945202, 0.95280393835616439, 0.95162671232876717, 0.95462328767123283, 0.95355308219178081, 0.95644263698630139, 0.95580051369863017, 0.9568707191780822, 0.95986729452054798, 0.95494434931506844, 0.95772688356164382, 0.95751284246575341, 0.95601455479452058, 0.95729880136986301, 0.95933219178082196, 0.96008133561643838, 0.96297089041095896, 0.96040239726027399, 0.96232876712328763, 0.9610445205479452, 0.96157962328767121, 0.96264982876712324, 0.96436215753424659, 0.96404109589041098, 0.9650042808219178, 0.96382705479452058], 'loss': [0.61161878847912565, 0.38089725017955861, 0.29919408425076366, 0.25251727330511153, 0.22575258315630156, 0.20462371498882159, 0.19272939960969843, 0.18208999345589377, 0.17267265619569752, 0.1649003456640121, 0.16061921568255719, 0.15410088819502663, 0.14914529293150425, 0.1490824150036357, 0.14425991758168355, 0.1392934514825194, 0.13730651578763883, 0.13563748274304688, 0.13535980862399485, 0.12864605852718503, 0.12840256594561603, 0.12556186258914076, 0.12421732268946832, 0.1217553849501076, 0.1187740779252187, 0.12285540498193506, 0.11843678720928537, 0.11602893252442399, 0.11836387772648914, 0.11315557662651185, 0.11166135016079252, 0.11164945337446151, 0.10885776650983432, 0.11318669868561389, 0.11037827043934431, 0.10696171300345395, 0.10672118015067447, 0.1047176849934247, 0.10220800107783536, 0.10389909327324409, 0.10106648379527766, 0.10128591432593355, 0.10153238367439209, 0.097095017291705943, 0.099638784685401785, 0.097887401168046465, 0.096096471446001752, 0.09494224180366162, 0.093024698946240658, 0.094143235439606884], 'val_acc': [0.77097602739726023, 0.76241438356164382, 0.75149828767123283, 0.73309075342465757, 0.72731164383561642, 0.7345890410958904, 0.73394691780821919, 0.734375, 0.71917808219178081, 0.7146832191780822, 0.72859589041095896, 0.71168664383561642, 0.72816780821917804, 0.71211472602739723, 0.71746575342465757, 0.71018835616438358, 0.71040239726027399, 0.70034246575342463, 0.70911815068493156, 0.70804794520547942, 0.7069777397260274, 0.70483732876712324, 0.70226883561643838, 0.70483732876712324, 0.70590753424657537, 0.68921232876712324, 0.70419520547945202, 0.69563356164383561, 0.68557363013698636, 0.70376712328767121, 0.69648972602739723, 0.7071917808219178, 0.69648972602739723, 0.703125, 0.69477739726027399, 0.69263698630136983, 0.69220890410958902, 0.6952054794520548, 0.70269691780821919, 0.6915667808219178, 0.68921232876712324, 0.68471746575342463, 0.69691780821917804, 0.68899828767123283, 0.68899828767123283, 0.68685787671232879, 0.68835616438356162, 0.68857020547945202, 0.68043664383561642, 0.69028253424657537], 'val_loss': [0.56324553510097608, 0.64382236165134876, 0.72784610439653263, 0.88415388926251293, 0.90409233696656688, 1.0064888086220989, 0.97826295029627131, 1.0302950086658949, 1.1306411588232812, 1.1466772754306662, 1.2402797791443458, 1.2944014647031483, 1.3834144515942222, 1.4025660422566819, 1.3997255446363801, 1.4090833410824815, 1.4081367516558465, 1.5684063880615038, 1.4811846801679429, 1.5467983908849219, 1.5823598598984823, 1.5722039374586654, 1.571266602775822, 1.576174522711806, 1.7540445576791894, 1.7184768717174661, 1.6985122053182289, 1.8601641218139702, 1.8797676716357061, 1.797119718300153, 1.9301604027413342, 1.8512344162349832, 1.9935438008341071, 1.8781055975450229, 1.9996992508842522, 1.9057811904851705, 1.9988760158215484, 2.0286398954587441, 2.1007186351981884, 2.1097976834806675, 2.0494138535163176, 2.0781705222309452, 1.996432972485072, 2.1472985189254969, 2.1767915977190619, 2.3588620032349676, 2.1872144392500186, 2.2245528581615996, 2.3366204981934535, 2.2161517175909591]}
6275.06599998

NN2
adamax
tanh
3460
train
0.962114726027
valid
0.699272260274
historique
{'acc': [0.74636130136986301, 0.82898116438356162, 0.85905393835616439, 0.87992294520547942, 0.89661815068493156, 0.90817636986301364, 0.91288527397260277, 0.92390839041095896, 0.92711900684931503, 0.93172089041095896, 0.93289811643835618, 0.93685787671232879, 0.9375, 0.94295804794520544, 0.94285102739726023, 0.9454195205479452, 0.94648972602739723, 0.94456335616438358, 0.9490582191780822, 0.94841609589041098, 0.94948630136986301, 0.9491652397260274, 0.95205479452054798, 0.95184075342465757, 0.95194777397260277, 0.953125, 0.95473030821917804, 0.95430222602739723, 0.95580051369863017, 0.95569349315068497, 0.95612157534246578, 0.95761986301369861, 0.95590753424657537, 0.9571917808219178, 0.95783390410958902, 0.95879708904109584, 0.95847602739726023, 0.95836900684931503, 0.96243578767123283, 0.96050941780821919, 0.96018835616438358, 0.9610445205479452, 0.95997431506849318, 0.95943921232876717, 0.96232876712328763, 0.96190068493150682, 0.96018835616438358, 0.96168664383561642, 0.96211472602739723, 0.96211472602739723], 'loss': [0.60842256656248273, 0.43032598038752601, 0.36270078557403118, 0.3102639527251459, 0.27017905443192347, 0.24380078629832969, 0.22173690321306661, 0.20456738876536079, 0.19258639900243446, 0.18009425308682944, 0.17682211891403549, 0.16642254479038082, 0.16429212590526432, 0.15454967121580895, 0.15196684175426114, 0.14522140950908605, 0.14226730257170658, 0.14109460979999897, 0.1352081390046706, 0.13296932429681238, 0.13037464278750122, 0.12915771229396741, 0.12644627465298783, 0.12578161996597909, 0.12180679108411686, 0.12152832394588599, 0.119295875262788, 0.11808680142722514, 0.11627709567833897, 0.11545088962565674, 0.11527060487384155, 0.11389811810310164, 0.11133173483659908, 0.10936840226927977, 0.10970131828838781, 0.10679175972791823, 0.10829891644303419, 0.10772311584290423, 0.10232685750018652, 0.10519477817044938, 0.10433836216234589, 0.103513546976937, 0.10152933913863532, 0.10336013663120007, 0.10015636342832793, 0.10035621565096846, 0.099171217814827822, 0.10025784803382184, 0.097268205225365625, 0.096968047273000832], 'val_acc': [0.77204623287671237, 0.76626712328767121, 0.76048801369863017, 0.75342465753424659, 0.7540667808219178, 0.74143835616438358, 0.73630136986301364, 0.74015410958904104, 0.73779965753424659, 0.74143835616438358, 0.73865582191780821, 0.73480308219178081, 0.73715753424657537, 0.72602739726027399, 0.72367294520547942, 0.72559931506849318, 0.72602739726027399, 0.70526541095890416, 0.72196061643835618, 0.72024828767123283, 0.70505136986301364, 0.71618150684931503, 0.70440924657534243, 0.71125856164383561, 0.70141267123287676, 0.71660958904109584, 0.71553938356164382, 0.70997431506849318, 0.70483732876712324, 0.71553938356164382, 0.70804794520547942, 0.71040239726027399, 0.70077054794520544, 0.70847602739726023, 0.70398116438356162, 0.70612157534246578, 0.6990582191780822, 0.70012842465753422, 0.70483732876712324, 0.69349315068493156, 0.69563356164383561, 0.69863013698630139, 0.68835616438356162, 0.68942636986301364, 0.70205479452054798, 0.69327910958904104, 0.69370719178082196, 0.69306506849315064, 0.69755993150684936, 0.6992722602739726], 'val_loss': [0.56310786235414134, 0.59298895636241733, 0.64035157849119129, 0.69780212906125472, 0.76157210267161668, 0.81379434507187098, 0.88445267683430895, 0.94514237415708913, 1.0021923419139156, 1.0490450606974837, 1.0752428060729209, 1.1492588266934434, 1.1602394370591804, 1.2007197182472438, 1.2421988644828534, 1.2898938851813748, 1.3307090433288926, 1.3606785917527056, 1.3737215542629972, 1.4285578209243408, 1.4663745639462993, 1.4810034223411181, 1.5264539672699693, 1.5210578718209919, 1.5673246353048167, 1.581621770172903, 1.6262049715812892, 1.6384482835866001, 1.6954667567186159, 1.6910183209262482, 1.7274721489377218, 1.7047369541370705, 1.7829346656799316, 1.7904123135217249, 1.8104754078061613, 1.832411477010544, 1.8727390482409361, 1.8512133445641765, 1.9246343186456862, 1.9362609890634066, 1.9124931211340916, 1.9665444770904437, 2.0202172227101785, 2.0130649964286857, 2.0183272127011049, 2.0278491094096065, 2.0750851171882183, 2.0952744575804227, 2.0983528331534504, 2.1097683130878293]}
5975.80599999

NN2
nadam
tanh
3460
train
0.974422089041
valid
0.69948630137
historique
{'acc': [0.7420804794520548, 0.83882705479452058, 0.87553510273972601, 0.89501284246575341, 0.90271832191780821, 0.91523972602739723, 0.91962756849315064, 0.921875, 0.92519263698630139, 0.93000856164383561, 0.92604880136986301, 0.93268407534246578, 0.93289811643835618, 0.93642979452054798, 0.93664383561643838, 0.93889126712328763, 0.93632277397260277, 0.93782106164383561, 0.94349315068493156, 0.94360017123287676, 0.94563356164383561, 0.94841609589041098, 0.94499143835616439, 0.9453125, 0.94563356164383561, 0.9490582191780822, 0.94959332191780821, 0.94830907534246578, 0.95162671232876717, 0.95366010273972601, 0.95494434931506844, 0.95569349315068497, 0.95858304794520544, 0.95612157534246578, 0.9570847602739726, 0.96029537671232879, 0.96125856164383561, 0.96297089041095896, 0.96639554794520544, 0.9646832191780822, 0.96372003424657537, 0.96800085616438358, 0.9686429794520548, 0.96725171232876717, 0.97174657534246578, 0.97313784246575341, 0.97399400684931503, 0.97110445205479456, 0.97121147260273977, 0.97442208904109584], 'loss': [0.6269582391601719, 0.40534323025239655, 0.31725276591996215, 0.27160740257177041, 0.24984363782576807, 0.22635049518669814, 0.21349598472453143, 0.20854164097675007, 0.20032504560068659, 0.19041746946798049, 0.19082993684872374, 0.18050537813990697, 0.17719705096184443, 0.17255143071716167, 0.17015843015572388, 0.16680355353778459, 0.16879534940091792, 0.16241982220257442, 0.1554832329354823, 0.15412089077609092, 0.15440524874629025, 0.14597222408038973, 0.1508269265289291, 0.14611500827755064, 0.14353697751138411, 0.1369924638316686, 0.13661485719366942, 0.13845517045550354, 0.12831228799499614, 0.1299511071171752, 0.12226359990615979, 0.12068779802082222, 0.11553159615779232, 0.11577793031128375, 0.11633779462913293, 0.10734063465447621, 0.10553649092278099, 0.10134703347982507, 0.094966833773132878, 0.099091303310148121, 0.095460728171069417, 0.09188758305230893, 0.091446220017519092, 0.089013017316412438, 0.081992967048466953, 0.076954119022371897, 0.075013677013449118, 0.078087455882991458, 0.077487084972495748, 0.07434859815520499], 'val_acc': [0.75214041095890416, 0.75684931506849318, 0.73865582191780821, 0.74315068493150682, 0.71211472602739723, 0.72880993150684936, 0.72388698630136983, 0.70526541095890416, 0.72238869863013699, 0.71917808219178081, 0.71511130136986301, 0.71639554794520544, 0.71361301369863017, 0.71018835616438358, 0.71596746575342463, 0.70633561643835618, 0.70783390410958902, 0.69113869863013699, 0.69777397260273977, 0.7108304794520548, 0.69499143835616439, 0.7071917808219178, 0.69863013698630139, 0.69606164383561642, 0.6872859589041096, 0.70462328767123283, 0.70569349315068497, 0.6915667808219178, 0.70462328767123283, 0.68857020547945202, 0.70419520547945202, 0.7069777397260274, 0.69863013698630139, 0.6875, 0.69006849315068497, 0.69606164383561642, 0.69220890410958902, 0.69285102739726023, 0.7033390410958904, 0.7033390410958904, 0.69220890410958902, 0.69670376712328763, 0.70077054794520544, 0.70141267123287676, 0.6992722602739726, 0.70077054794520544, 0.68921232876712324, 0.6875, 0.69285102739726023, 0.69948630136986301], 'val_loss': [0.59568072630934521, 0.64590029132692783, 0.7777354301859255, 0.85621995734025358, 0.94975845321808772, 1.0509975480094349, 1.0754644999357119, 1.2511867318455487, 1.1447833749937684, 1.2538906288881824, 1.3099833691160974, 1.4647088005934676, 1.4469505397424305, 1.4799905741867954, 1.5130242207278943, 1.5438263022328076, 1.5596743737896011, 1.6389489269828144, 1.7210977567385322, 1.539766877991696, 1.6753129842754912, 1.8101074145468947, 1.8563737209937343, 1.9736139227266181, 1.9728062457009539, 1.935010583229261, 2.0680268874315368, 2.1055069906662589, 2.1102318990312212, 2.1163982479539638, 2.1028848186339419, 2.1835572023506034, 2.2593236847283089, 2.2877141716953826, 2.4421894344156736, 2.4739740019383496, 2.321324343142444, 2.2986242542528128, 2.4580633741331428, 2.3479626676807666, 2.3767607226355434, 2.6050902009010315, 2.6410349590116984, 2.5965066899175513, 2.6850781593828987, 2.5079753425431579, 2.828217580302121, 2.7152354472304046, 2.749204547846154, 2.7224868184899629]}
11452.9060001

