NN2
sgd
relu
train
0.849529109589
valid
0.771404109589
historique
{'acc': [0.63848458904109584, 0.64158818493150682, 0.64490582191780821, 0.66320633561643838, 0.67904537671232879, 0.70077054794520544, 0.71393407534246578, 0.72506421232876717, 0.73640839041095896, 0.74036815068493156, 0.74486301369863017, 0.75096318493150682, 0.7577054794520548, 0.76091609589041098, 0.76444777397260277, 0.76872859589041098, 0.77279537671232879, 0.77761130136986301, 0.7814640410958904, 0.78606592465753422, 0.78809931506849318, 0.79248715753424659, 0.79526969178082196, 0.79880136986301364, 0.80019263698630139, 0.8045804794520548, 0.80682791095890416, 0.81014554794520544, 0.81303510273972601, 0.81292808219178081, 0.81464041095890416, 0.81902825342465757, 0.81945633561643838, 0.82106164383561642, 0.82363013698630139, 0.82609160958904104, 0.828125, 0.8280179794520548, 0.83090753424657537, 0.83240582191780821, 0.83422517123287676, 0.83561643835616439, 0.83743578767123283, 0.84118150684931503, 0.84235873287671237, 0.84278681506849318, 0.84246575342465757, 0.84599743150684936, 0.84631849315068497, 0.84952910958904104], 'loss': [0.91364144237890632, 0.8246464657865159, 0.7831207299477434, 0.75045381792604104, 0.72314170492838503, 0.69963840925938459, 0.67953529178279715, 0.66182821938028069, 0.64614036505761208, 0.63244152650849461, 0.61961061946333273, 0.60805491449898241, 0.59718040080919654, 0.58723613231965943, 0.57777290546322524, 0.56898784167962535, 0.56064227039683356, 0.55260831689181389, 0.54533075531051578, 0.53804019113926038, 0.53132933990596087, 0.5248561638267073, 0.5184066890649599, 0.51253848242228983, 0.50681396747288643, 0.50106544961055666, 0.49572014482053994, 0.49043587038982406, 0.4852916553412398, 0.48045669475646868, 0.47565192326086841, 0.47103592447222098, 0.46630748305214592, 0.46200636447700738, 0.45766420198017604, 0.45348081395846523, 0.44932516832670122, 0.445266371618395, 0.44131567768038138, 0.4375370444908534, 0.43325757204669796, 0.42974391390811906, 0.42624386869473002, 0.42270338519999423, 0.41901547574017145, 0.41578385432901449, 0.41240628170844629, 0.4091181551450736, 0.40564192407955862, 0.40252256036213002], 'val_acc': [0.6483304794520548, 0.64875856164383561, 0.66181506849315064, 0.67080479452054798, 0.68942636986301364, 0.70098458904109584, 0.71297089041095896, 0.71939212328767121, 0.72110445205479456, 0.72731164383561642, 0.73266267123287676, 0.73565924657534243, 0.7384417808219178, 0.73994006849315064, 0.74486301369863017, 0.74850171232876717, 0.75128424657534243, 0.75214041095890416, 0.7538527397260274, 0.75470890410958902, 0.7577054794520548, 0.76070205479452058, 0.76327054794520544, 0.76434075342465757, 0.76476883561643838, 0.76648116438356162, 0.76434075342465757, 0.76669520547945202, 0.76776541095890416, 0.765625, 0.76862157534246578, 0.76712328767123283, 0.76669520547945202, 0.76776541095890416, 0.76498287671232879, 0.77033390410958902, 0.7658390410958904, 0.7696917808219178, 0.77247431506849318, 0.77097602739726023, 0.77375856164383561, 0.77183219178082196, 0.77183219178082196, 0.77482876712328763, 0.7735445205479452, 0.77183219178082196, 0.7733304794520548, 0.77033390410958902, 0.77183219178082196, 0.77140410958904104], 'val_loss': [0.84526294592308671, 0.79967075831269563, 0.76522389666674884, 0.73759605888634516, 0.71469864147166684, 0.69576374941492736, 0.67943126698062839, 0.6660401145481083, 0.65507110708380401, 0.6446723980854635, 0.6355974621152225, 0.62802689348998131, 0.62109379796949149, 0.61460387972119734, 0.60923098823795585, 0.60417704774092318, 0.59982296722392514, 0.59584802572857842, 0.59214368932051198, 0.58892205561677069, 0.58546761698918803, 0.58268815523957551, 0.58054953486952066, 0.5779345166193296, 0.57595503554768757, 0.57380763778131305, 0.57253029983337611, 0.57058663788723618, 0.56997473456271708, 0.56803623821637406, 0.56692141457779766, 0.56544489382881002, 0.56521009725250615, 0.56391033407759994, 0.56428457265847354, 0.56232746986493676, 0.56247164064074218, 0.56203981989050567, 0.56106565627333238, 0.56049142083893089, 0.56008238161671653, 0.56020745828951879, 0.55975582828260451, 0.5597206037746717, 0.56016928202485383, 0.56034799869338126, 0.56037752799791829, 0.5612375268789187, 0.56175088178213328, 0.56152510622592822]}
144.851999998

NN2
rmsprop
relu
train
0.931078767123
valid
0.758775684932
historique
{'acc': [0.63345462328767121, 0.72998715753424659, 0.78553082191780821, 0.80565068493150682, 0.81827910958904104, 0.82737585616438358, 0.83529537671232879, 0.84482020547945202, 0.85038527397260277, 0.85659246575342463, 0.86172945205479456, 0.86815068493150682, 0.87146832191780821, 0.87403681506849318, 0.87831763698630139, 0.88013698630136983, 0.88484589041095896, 0.88794948630136983, 0.88794948630136983, 0.89094606164383561, 0.89180222602739723, 0.89608304794520544, 0.89907962328767121, 0.90057791095890416, 0.90143407534246578, 0.90207619863013699, 0.90571489726027399, 0.90732020547945202, 0.90839041095890416, 0.90967465753424659, 0.91202910958904104, 0.9138484589041096, 0.91491866438356162, 0.91673801369863017, 0.91823630136986301, 0.91909246575342463, 0.91909246575342463, 0.92112585616438358, 0.9216609589041096, 0.92348030821917804, 0.92369434931506844, 0.92369434931506844, 0.92519263698630139, 0.92679794520547942, 0.92722602739726023, 0.92829623287671237, 0.92861729452054798, 0.9296875, 0.93086472602739723, 0.93107876712328763], 'loss': [0.89478498350267544, 0.64921002498228253, 0.54902304688545123, 0.49925282776151619, 0.46851494290853202, 0.44447376507602326, 0.42547511268560201, 0.40908697451630682, 0.39434561664110995, 0.38156231334560536, 0.36981283260943137, 0.3594164342351564, 0.34931253983754001, 0.34023998667524286, 0.33186467645102985, 0.32410750742236227, 0.3169735931625513, 0.30966205001898006, 0.30351939333015926, 0.29789843387289405, 0.29214105249880112, 0.28610951057954193, 0.28095140777630351, 0.27549929891342984, 0.27088868327132642, 0.26577529633953556, 0.26140895790790453, 0.25712082347488158, 0.25318182872174538, 0.24919300780261625, 0.2452115232175956, 0.24184805070598647, 0.2382217849387902, 0.23411314906424854, 0.23139968582059015, 0.2277913001582843, 0.22554305960003235, 0.22258502854774259, 0.21988754308693212, 0.21723777417425219, 0.21531695744328916, 0.21266582554640018, 0.21047760135404867, 0.20848375023661614, 0.20626000217991333, 0.20432610586540748, 0.20181978673814502, 0.19943279790857885, 0.19758022588052571, 0.19558155925127946], 'val_acc': [0.67294520547945202, 0.7502140410958904, 0.76755136986301364, 0.76862157534246578, 0.77311643835616439, 0.7733304794520548, 0.77183219178082196, 0.77525684931506844, 0.77525684931506844, 0.7733304794520548, 0.77226027397260277, 0.77076198630136983, 0.77054794520547942, 0.77204623287671237, 0.7733304794520548, 0.77161815068493156, 0.76926369863013699, 0.77076198630136983, 0.76862157534246578, 0.76776541095890416, 0.76755136986301364, 0.76690924657534243, 0.765625, 0.76412671232876717, 0.76605308219178081, 0.76391267123287676, 0.76519691780821919, 0.7658390410958904, 0.76519691780821919, 0.76412671232876717, 0.76241438356164382, 0.76369863013698636, 0.76284246575342463, 0.76519691780821919, 0.75941780821917804, 0.76134417808219179, 0.76027397260273977, 0.76113013698630139, 0.76070205479452058, 0.76048801369863017, 0.76027397260273977, 0.76070205479452058, 0.75941780821917804, 0.75920376712328763, 0.75898972602739723, 0.75684931506849318, 0.75813356164383561, 0.75920376712328763, 0.75963184931506844, 0.75877568493150682], 'val_loss': [0.73295556417066754, 0.61734977793203638, 0.57925644884370775, 0.56986748539421661, 0.56646452303210348, 0.56599899769237594, 0.56822814077955408, 0.57051152664504634, 0.57473287598727496, 0.57911534423697486, 0.58115380716650455, 0.58568565680147855, 0.59109447222866429, 0.59428714358643309, 0.59835302309222416, 0.60527958792366399, 0.60963801059820877, 0.61627452504144953, 0.61985154827571898, 0.62558627985928161, 0.62969701104376419, 0.63655257143386423, 0.64264693937889517, 0.64759216090179472, 0.65308247169811429, 0.66082267953108431, 0.66663524630951554, 0.67210871522148996, 0.67584140955993577, 0.68233365871726648, 0.68961233370108144, 0.69192404003992469, 0.69650463443504618, 0.70249189145556867, 0.71039659774874986, 0.71861386783931358, 0.72269651548911451, 0.72589815836654947, 0.73513208676690922, 0.74020545460181697, 0.74376880887844787, 0.74903745898236962, 0.75856154779457063, 0.76475656354059907, 0.76684687878579305, 0.78057369242792263, 0.78085252356855839, 0.78558865766206831, 0.7906107919877523, 0.79597783047858983]}
202.13499999

NN2
adagrad
relu
train
0.941352739726
valid
0.758989726027
historique
{'acc': [0.69071061643835618, 0.78435359589041098, 0.82255993150684936, 0.84267979452054798, 0.85434503424657537, 0.86440496575342463, 0.87189640410958902, 0.87799657534246578, 0.88324058219178081, 0.88901969178082196, 0.89351455479452058, 0.8945847602739726, 0.89640410958904104, 0.90100599315068497, 0.90346746575342463, 0.90560787671232879, 0.90774828767123283, 0.90988869863013699, 0.91202910958904104, 0.91459760273972601, 0.91513270547945202, 0.91663099315068497, 0.91898544520547942, 0.92005565068493156, 0.92016267123287676, 0.92262414383561642, 0.92315924657534243, 0.92444349315068497, 0.9258347602739726, 0.92754708904109584, 0.92883133561643838, 0.92851027397260277, 0.93054366438356162, 0.93065068493150682, 0.93204195205479456, 0.93268407534246578, 0.93321917808219179, 0.93439640410958902, 0.93493150684931503, 0.93568065068493156, 0.93568065068493156, 0.93696489726027399, 0.9373929794520548, 0.93867722602739723, 0.93878424657534243, 0.93878424657534243, 0.93921232876712324, 0.93974743150684936, 0.93974743150684936, 0.9413527397260274], 'loss': [0.70784304525754227, 0.54743242284206495, 0.48234044903353468, 0.44170281561474278, 0.41256138912006601, 0.39002909531740293, 0.37172146759008706, 0.3564744118652115, 0.34326844777248494, 0.33188255702796049, 0.32165543992735751, 0.31254309206588626, 0.30439536503120646, 0.2968729362657217, 0.29001295967155122, 0.28367068087809705, 0.27780874943590328, 0.27233373100729019, 0.26724001969376654, 0.26242934744039625, 0.25794174358861088, 0.25365991343118965, 0.24968476192898129, 0.24583913641024943, 0.24222619387589089, 0.23879284687238198, 0.23550874248708356, 0.23234794260806416, 0.22934356168524861, 0.22649659554486815, 0.22373935467984579, 0.22109194097351537, 0.21848349365061276, 0.21607197599153813, 0.21368885203583599, 0.21141592553523306, 0.20920676495624732, 0.20707972633512053, 0.20504547548416543, 0.20304616895338443, 0.20112160394248896, 0.19924162777319346, 0.19742526563063059, 0.19567373844042216, 0.19399510821557209, 0.19231888338004891, 0.19071270374912921, 0.18914404149128966, 0.18761614528931167, 0.18614156110441848], 'val_acc': [0.74186643835616439, 0.76476883561643838, 0.7733304794520548, 0.77803938356164382, 0.78082191780821919, 0.78017979452054798, 0.77889554794520544, 0.77953767123287676, 0.77996575342465757, 0.7810359589041096, 0.77910958904109584, 0.77675513698630139, 0.77675513698630139, 0.77525684931506844, 0.7735445205479452, 0.77247431506849318, 0.77183219178082196, 0.77140410958904104, 0.77097602739726023, 0.77119006849315064, 0.77097602739726023, 0.76926369863013699, 0.76904965753424659, 0.76733732876712324, 0.76669520547945202, 0.76519691780821919, 0.765625, 0.76498287671232879, 0.76455479452054798, 0.76412671232876717, 0.76327054794520544, 0.76305650684931503, 0.76348458904109584, 0.76241438356164382, 0.76134417808219179, 0.76113013698630139, 0.76113013698630139, 0.76220034246575341, 0.76113013698630139, 0.76048801369863017, 0.76091609589041098, 0.76005993150684936, 0.75963184931506844, 0.75963184931506844, 0.75941780821917804, 0.75963184931506844, 0.75898972602739723, 0.75834760273972601, 0.75920376712328763, 0.75898972602739723], 'val_loss': [0.62132982685141369, 0.57664567028006464, 0.55926269047880828, 0.55079530648989217, 0.54702303650444506, 0.54549155282239392, 0.5455356973083052, 0.54636174562859208, 0.54798111462429777, 0.54968984333211424, 0.55191341236437841, 0.5544677903390911, 0.55677797767805726, 0.55944098440343382, 0.56229935137376397, 0.56512273398980706, 0.56794391480618955, 0.57076074979076652, 0.57373473385017215, 0.57661940361538977, 0.57960898725137322, 0.58261885841007099, 0.5854391553630568, 0.58837347110248595, 0.59128193291899278, 0.59426358117632672, 0.59714846945788758, 0.59999445774783822, 0.60284674402377381, 0.60560335749632688, 0.60848318673159973, 0.61125504786837592, 0.61414741030702857, 0.61688082869330496, 0.61958650009681104, 0.62239053906643227, 0.6252258405701755, 0.62798137942405596, 0.6306029250972891, 0.63334257910921155, 0.63603153385936395, 0.63870218181855054, 0.64134425322895183, 0.64390123217073203, 0.64657000064441605, 0.64919475726272957, 0.65176292217961729, 0.6544517854305163, 0.65691864806903555, 0.65949227844607339]}
185.52699995

NN2
adadelta
relu
train
0.879066780822
valid
0.768621575342
historique
{'acc': [0.61857876712328763, 0.66063784246575341, 0.71521832191780821, 0.74165239726027399, 0.75567208904109584, 0.76840753424657537, 0.77782534246575341, 0.78627996575342463, 0.79452054794520544, 0.80051369863013699, 0.80532962328767121, 0.81025256849315064, 0.8123929794520548, 0.81678082191780821, 0.81860017123287676, 0.82298801369863017, 0.82523544520547942, 0.82887414383561642, 0.83165667808219179, 0.83529537671232879, 0.83700770547945202, 0.83764982876712324, 0.84021832191780821, 0.84300085616438358, 0.8436429794520548, 0.84556934931506844, 0.84899400684931503, 0.84985017123287676, 0.85102739726027399, 0.85327482876712324, 0.85423801369863017, 0.85669948630136983, 0.85755565068493156, 0.85980308219178081, 0.86205051369863017, 0.86397688356164382, 0.86419092465753422, 0.86547517123287676, 0.86686643835616439, 0.86815068493150682, 0.86975599315068497, 0.87007705479452058, 0.87253852739726023, 0.8748929794520548, 0.87382277397260277, 0.87564212328767121, 0.87639126712328763, 0.87714041095890416, 0.87810359589041098, 0.8790667808219178], 'loss': [0.88152048052990273, 0.72197887240207359, 0.67279977545346303, 0.63127922031977401, 0.59805448312465459, 0.57264155057603361, 0.55216828856157929, 0.53488971425654142, 0.52039185543991118, 0.50756193059560373, 0.49630485776148431, 0.4859352837482544, 0.47660946983793012, 0.46815237280440658, 0.46037316577483528, 0.45301110542392076, 0.44624691905632413, 0.4398659670802012, 0.43366702528644913, 0.42816073074936867, 0.42279768296300546, 0.41769925882555037, 0.41298058118722208, 0.40828121565792658, 0.40378181064782076, 0.39961708010467767, 0.39534917683021664, 0.3915498371759098, 0.38773110422165424, 0.38410191544114725, 0.38045979508083977, 0.37700048321220159, 0.37355094290759466, 0.37048382184480966, 0.36736636164866082, 0.36415930771052019, 0.36111470776265614, 0.35829093524140038, 0.35549508532738849, 0.35274136135329121, 0.34986574284426153, 0.34726817247598141, 0.34475194052984454, 0.34209359911819026, 0.33970323544352837, 0.33736681800386675, 0.33493994783661135, 0.3325476201684916, 0.33049371966148078, 0.32788859366452039], 'val_acc': [0.6483304794520548, 0.6877140410958904, 0.72602739726027399, 0.73608732876712324, 0.74400684931506844, 0.75107020547945202, 0.75941780821917804, 0.76091609589041098, 0.76369863013698636, 0.765625, 0.76755136986301364, 0.7694777397260274, 0.77033390410958902, 0.77247431506849318, 0.77525684931506844, 0.77611301369863017, 0.77803938356164382, 0.77782534246575341, 0.77868150684931503, 0.77568493150684936, 0.77889554794520544, 0.77525684931506844, 0.77397260273972601, 0.77440068493150682, 0.7773972602739726, 0.7735445205479452, 0.77183219178082196, 0.77268835616438358, 0.77183219178082196, 0.77140410958904104, 0.7733304794520548, 0.77011986301369861, 0.77204623287671237, 0.76883561643835618, 0.76797945205479456, 0.7696917808219178, 0.76990582191780821, 0.7694777397260274, 0.76840753424657537, 0.76819349315068497, 0.77097602739726023, 0.76904965753424659, 0.76904965753424659, 0.76733732876712324, 0.76883561643835618, 0.76883561643835618, 0.76862157534246578, 0.76926369863013699, 0.76797945205479456, 0.76862157534246578], 'val_loss': [0.75310748264397664, 0.69986791214714317, 0.66379675514077485, 0.63499119428739159, 0.61529170915688558, 0.60108480306520851, 0.59045563699447945, 0.58328055661835088, 0.5772801531504278, 0.57271436265070141, 0.56897446451938316, 0.56609795844718203, 0.56433707108236342, 0.56253415591096223, 0.56163918226957321, 0.56113730136254059, 0.56017938276676282, 0.56037407450071752, 0.56008524764074041, 0.56153731915640503, 0.56132979017414464, 0.56219714839164525, 0.56253094001583859, 0.5639504103423798, 0.56480435751480595, 0.5655023311711338, 0.56701495580069006, 0.56772091535672753, 0.56853026621145741, 0.56984967452614277, 0.57118270025677875, 0.57229388352126287, 0.57365217764083654, 0.5750520800890988, 0.57597213177240059, 0.5769502202125445, 0.57877909065517663, 0.5795774575169772, 0.58221418165589034, 0.58322891235759811, 0.58520127434844837, 0.58629999156684087, 0.58761671032399343, 0.58894944017472328, 0.59029566047534554, 0.59151368751509548, 0.59383128807969288, 0.59571274288304865, 0.59663148408066735, 0.59863523802120389]}
151.552999973

NN2
adam
relu
train
0.982448630137
valid
0.69584760274
historique
{'acc': [0.66513270547945202, 0.7888484589041096, 0.83914811643835618, 0.87264554794520544, 0.89008989726027399, 0.90336044520547942, 0.91309931506849318, 0.92112585616438358, 0.92786815068493156, 0.93311215753424659, 0.93621575342465757, 0.94231592465753422, 0.94499143835616439, 0.94830907534246578, 0.94991438356164382, 0.95366010273972601, 0.95633561643835618, 0.95794092465753422, 0.95783390410958902, 0.95901113013698636, 0.96254280821917804, 0.96243578767123283, 0.96307791095890416, 0.96586044520547942, 0.96564640410958902, 0.96660958904109584, 0.96907106164383561, 0.97003424657534243, 0.97228167808219179, 0.9727097602739726, 0.97206763698630139, 0.97174657534246578, 0.9728167808219178, 0.97356592465753422, 0.97356592465753422, 0.97602739726027399, 0.97602739726027399, 0.9763484589041096, 0.9765625, 0.97816780821917804, 0.97848886986301364, 0.97838184931506844, 0.97902397260273977, 0.97923801369863017, 0.98084332191780821, 0.9804152397260274, 0.9803082191780822, 0.98148544520547942, 0.98127140410958902, 0.98244863013698636], 'loss': [0.78625604459275933, 0.53906243733347281, 0.42767156436018749, 0.36220135065178349, 0.31595089932112663, 0.28096165303906351, 0.25355780275206857, 0.23094126689311575, 0.21190376879570827, 0.19557880209631298, 0.18207858566654056, 0.16992360791063879, 0.15950494361658618, 0.15063964210654776, 0.1424424366910674, 0.13543451977383397, 0.1294626031287831, 0.12329875480077446, 0.11841523973909143, 0.1139192946912236, 0.10944108065689774, 0.10537833262439052, 0.10200265785743011, 0.098730578403026889, 0.09521781901305873, 0.092318289158929603, 0.089830465053450576, 0.087327804502533524, 0.084897310042447632, 0.082236521799206638, 0.080601990004452839, 0.07858213810058795, 0.076625803195271791, 0.074458607265164387, 0.072574756801932136, 0.071133927130363622, 0.069638007009491229, 0.068254299415594397, 0.066268727102808095, 0.064979468046508934, 0.063432271115494612, 0.062856752835676613, 0.061043124690202177, 0.059631215510507152, 0.058462056921386757, 0.057668316757309643, 0.056392790066725769, 0.055429642460482792, 0.053942905276976302, 0.052763767135393332], 'val_acc': [0.7305222602739726, 0.7696917808219178, 0.77782534246575341, 0.77375856164383561, 0.76862157534246578, 0.76840753424657537, 0.76519691780821919, 0.76048801369863017, 0.75684931506849318, 0.75449486301369861, 0.75684931506849318, 0.7579195205479452, 0.75235445205479456, 0.74850171232876717, 0.74678938356164382, 0.74807363013698636, 0.7420804794520548, 0.734375, 0.73565924657534243, 0.73737157534246578, 0.73266267123287676, 0.72773972602739723, 0.72709760273972601, 0.72624143835616439, 0.72602739726027399, 0.72217465753424659, 0.72474315068493156, 0.72089041095890416, 0.71832191780821919, 0.71575342465753422, 0.71446917808219179, 0.71297089041095896, 0.71532534246575341, 0.7108304794520548, 0.70933219178082196, 0.7108304794520548, 0.7029109589041096, 0.70590753424657537, 0.70826198630136983, 0.70826198630136983, 0.70483732876712324, 0.70248287671232879, 0.70184075342465757, 0.69948630136986301, 0.69991438356164382, 0.69606164383561642, 0.69670376712328763, 0.69627568493150682, 0.69392123287671237, 0.69584760273972601], 'val_loss': [0.63510505875496015, 0.55838329069418446, 0.54511999134739786, 0.55408981268944801, 0.57132089035968259, 0.58928400196441233, 0.6122041497736761, 0.63492908155264915, 0.66464237021665051, 0.69235536226466909, 0.72083991337312414, 0.74867768218256026, 0.77665811868971346, 0.80691708333484113, 0.84364628955109477, 0.87237203468198643, 0.90523012421310767, 0.93852247665189714, 0.96394362565997527, 0.99803640519919457, 1.0342462348611388, 1.0690129372763306, 1.0989647996548104, 1.1311680146378198, 1.1605540653818274, 1.1960505579840648, 1.2301628906024646, 1.262965677790854, 1.2986573140608937, 1.326524321908412, 1.3596007468255416, 1.3877891719545403, 1.4186301594217345, 1.4490514039380911, 1.4820340093072146, 1.510267431707415, 1.5459087761501744, 1.5754937518337002, 1.59651847132673, 1.6227539455237454, 1.657838631472359, 1.6901346726776802, 1.7136572696370622, 1.7543621742970323, 1.7740098198186862, 1.8024810835310858, 1.8319700596063104, 1.8581693700119242, 1.8883346254899078, 1.9143345706062773]}
195.173000097

NN2
adamax
relu
train
0.947452910959
valid
0.744648972603
historique
{'acc': [0.64008989726027399, 0.70141267123287676, 0.76359160958904104, 0.78959760273972601, 0.81025256849315064, 0.81945633561643838, 0.83080051369863017, 0.83797089041095896, 0.84685359589041098, 0.8553082191780822, 0.86065924657534243, 0.86579623287671237, 0.87146832191780821, 0.87714041095890416, 0.87949486301369861, 0.88484589041095896, 0.88794948630136983, 0.89137414383561642, 0.8946917808219178, 0.8983304794520548, 0.90164811643835618, 0.90282534246575341, 0.9060359589041096, 0.90913955479452058, 0.91127996575342463, 0.91235017123287676, 0.91502568493150682, 0.9178082191780822, 0.91898544520547942, 0.92230308219178081, 0.92315924657534243, 0.9257277397260274, 0.92829623287671237, 0.92808219178082196, 0.93065068493150682, 0.93204195205479456, 0.93471746575342463, 0.93428938356164382, 0.93600171232876717, 0.9373929794520548, 0.93953339041095896, 0.94017551369863017, 0.9414597602739726, 0.94274400684931503, 0.94317208904109584, 0.94349315068493156, 0.94616866438356162, 0.94670376712328763, 0.94755993150684936, 0.94745291095890416], 'loss': [0.83404112719509704, 0.67503624460468559, 0.59173437616188229, 0.53726409263398545, 0.49839002986068592, 0.46870323974792272, 0.44504796540083952, 0.42466523477884188, 0.40643661974431716, 0.39018927876875825, 0.37552968198305942, 0.3617758011470919, 0.34920909521106169, 0.33750473187394336, 0.32697204816831299, 0.31683202927345283, 0.30747327973989591, 0.29859945341332317, 0.28974782397383697, 0.28171458876092142, 0.27406149212117881, 0.26684726494019978, 0.25995577736566328, 0.25364709512828149, 0.2470069171937361, 0.24079404796843659, 0.23514613601034634, 0.22952027335660916, 0.22422573818786912, 0.2187073623812566, 0.21386526703630407, 0.20886440067360662, 0.20486377436055303, 0.20031370346319594, 0.19622168772892185, 0.19222024640655272, 0.1884438528947226, 0.18512234383913345, 0.18100745850944355, 0.17760443490968175, 0.17402648477980945, 0.17097151267967403, 0.16787834489743594, 0.16521475194915108, 0.16237559028556697, 0.15959046797010384, 0.1564822533129625, 0.15420144775958911, 0.15156074666915692, 0.14946774281051062], 'val_acc': [0.65988869863013699, 0.73523116438356162, 0.75556506849315064, 0.76348458904109584, 0.77119006849315064, 0.77183219178082196, 0.77504280821917804, 0.77440068493150682, 0.7771832191780822, 0.77782534246575341, 0.77846746575342463, 0.77568493150684936, 0.77161815068493156, 0.77375856164383561, 0.77183219178082196, 0.77076198630136983, 0.77033390410958902, 0.76797945205479456, 0.77119006849315064, 0.76797945205479456, 0.76626712328767121, 0.7658390410958904, 0.7654109589041096, 0.76348458904109584, 0.76241438356164382, 0.7615582191780822, 0.76070205479452058, 0.76027397260273977, 0.75877568493150682, 0.75706335616438358, 0.75684931506849318, 0.75684931506849318, 0.75727739726027399, 0.75556506849315064, 0.75321061643835618, 0.75492294520547942, 0.75684931506849318, 0.75556506849315064, 0.75363869863013699, 0.75214041095890416, 0.75299657534246578, 0.75128424657534243, 0.75235445205479456, 0.75085616438356162, 0.75321061643835618, 0.74785958904109584, 0.75235445205479456, 0.74957191780821919, 0.74892979452054798, 0.74464897260273977], 'val_loss': [0.72950053459977449, 0.64591061926051363, 0.59886501280412285, 0.576363888505387, 0.56333257604951725, 0.55791044582242832, 0.55446269659146874, 0.55211699080385579, 0.55338872530280725, 0.5549993973276387, 0.55729463829161374, 0.56048406558494046, 0.56668132155725404, 0.5711954921892245, 0.57495802620502368, 0.5802193285055357, 0.58560186063181863, 0.59115262043802708, 0.60014740500139863, 0.60520585697807683, 0.61214673988623158, 0.62028600663354949, 0.62768837329867766, 0.63506397553910943, 0.64305750627632008, 0.65128302176112995, 0.6605927491024749, 0.67047794285702378, 0.67871318665677549, 0.69016142934560776, 0.69515771010558902, 0.70570464319970505, 0.71547975238055395, 0.72652666479961514, 0.7335259413270101, 0.74369674548506737, 0.75706371333296985, 0.76561568202833608, 0.77400236546176748, 0.78431718204527689, 0.79708556703304589, 0.80724276857425092, 0.81789956889944537, 0.82713204683506325, 0.84205777340964094, 0.84587262581064282, 0.86238882216076329, 0.86974243013417885, 0.88125317033431305, 0.89170094671314715]}
179.416000128

NN2
nadam
relu
train
0.991438356164
valid
0.682577054795
historique
{'acc': [0.70580051369863017, 0.82373715753424659, 0.8712542808219178, 0.89619006849315064, 0.91288527397260277, 0.9256207191780822, 0.93610873287671237, 0.9452054794520548, 0.9490582191780822, 0.95430222602739723, 0.95665667808219179, 0.95986729452054798, 0.9647902397260274, 0.96693065068493156, 0.9686429794520548, 0.96842893835616439, 0.97056934931506844, 0.97324486301369861, 0.97324486301369861, 0.9765625, 0.97773972602739723, 0.97731164383561642, 0.97923801369863017, 0.97891695205479456, 0.98137842465753422, 0.97998715753424659, 0.98212756849315064, 0.98351883561643838, 0.98341181506849318, 0.98394691780821919, 0.9845890410958904, 0.98576626712328763, 0.98705051369863017, 0.98694349315068497, 0.98672945205479456, 0.98790667808219179, 0.98790667808219179, 0.98865582191780821, 0.9884417808219178, 0.98876284246575341, 0.99047517123287676, 0.98897688356164382, 0.98929794520547942, 0.99111729452054798, 0.99111729452054798, 0.9921875, 0.9919734589041096, 0.9919734589041096, 0.99165239726027399, 0.99143835616438358], 'loss': [0.70575507454676167, 0.45767320029131353, 0.35224591384399428, 0.2876808221056445, 0.24066203702496339, 0.20756547249955673, 0.18141348806707419, 0.16160324422566041, 0.14516015338698682, 0.13343275517021139, 0.12277626317019945, 0.11320531768532954, 0.10580980822073985, 0.09930933865220988, 0.092978069300393332, 0.088654193379724883, 0.083892816822810024, 0.078960257993009555, 0.075101279803513457, 0.070808145759805832, 0.0677795933044439, 0.06512782179067958, 0.062648070931485667, 0.06027530913866342, 0.056940426414494393, 0.054896235369123546, 0.053267106667403384, 0.049851508750117776, 0.048305493478076403, 0.046881609089985135, 0.04560191795901293, 0.043547796238172315, 0.041689959890528087, 0.040333345280848573, 0.039090388632209636, 0.037596597171277731, 0.036578560305826291, 0.035353004846387794, 0.034586855042518488, 0.032907728362335721, 0.030947322353612222, 0.031276448221744857, 0.030119084721002155, 0.028006038999094065, 0.027524798611098859, 0.026479341796091408, 0.026445495516445715, 0.025078068369684969, 0.02432328358973131, 0.02334711115740715], 'val_acc': [0.77097602739726023, 0.77418664383561642, 0.76926369863013699, 0.7654109589041096, 0.76262842465753422, 0.75727739726027399, 0.75642123287671237, 0.74764554794520544, 0.73994006849315064, 0.74357876712328763, 0.74400684931506844, 0.73801369863013699, 0.73309075342465757, 0.73159246575342463, 0.72174657534246578, 0.72452910958904104, 0.72410102739726023, 0.72303082191780821, 0.72303082191780821, 0.71297089041095896, 0.72110445205479456, 0.71511130136986301, 0.71939212328767121, 0.71339897260273977, 0.70976027397260277, 0.70162671232876717, 0.70847602739726023, 0.69798801369863017, 0.70483732876712324, 0.69948630136986301, 0.69734589041095896, 0.69884417808219179, 0.69606164383561642, 0.69285102739726023, 0.69113869863013699, 0.69370719178082196, 0.69220890410958902, 0.69071061643835618, 0.6952054794520548, 0.68707191780821919, 0.68878424657534243, 0.68814212328767121, 0.69028253424657537, 0.68514554794520544, 0.68279109589041098, 0.68428938356164382, 0.68664383561643838, 0.68300513698630139, 0.68557363013698636, 0.68257705479452058], 'val_loss': [0.56952169108880712, 0.55323613710599406, 0.57654255036621882, 0.60565257582762466, 0.65497499132809578, 0.69634034545862511, 0.74372354308015676, 0.79451837283495352, 0.85070586173909979, 0.88921499333969534, 0.94452458579246312, 0.9954219375775285, 1.0442939997229674, 1.0979105268847453, 1.1664148869171536, 1.2059735698650962, 1.2497936615796938, 1.3085419115138381, 1.3473473742400131, 1.4088541549974924, 1.4503839048620772, 1.511218385030962, 1.5378587383725872, 1.5881668477229876, 1.620375576594921, 1.6859332681314585, 1.7026956011987713, 1.7589830100944597, 1.8046919600400206, 1.8332866381292474, 1.8772739633305433, 1.9167870557675624, 1.937556376093871, 2.0138814488094146, 2.0363985871615475, 2.0739713543898439, 2.1168638364705319, 2.1419421667105532, 2.158712151524139, 2.2206901997736055, 2.2625334140372604, 2.2668753427593678, 2.3107036435849047, 2.3658107600799978, 2.4118113425904757, 2.4242155511085302, 2.4532080923449504, 2.5013810539082306, 2.5160149664503253, 2.5356047827087038]}
257.996000051

