NN2
sgd
tanh
train
0.846104452055
valid
0.775898972603
historique
{'acc': [0.63409674657534243, 0.6444777397260274, 0.66267123287671237, 0.67390839041095896, 0.68921232876712324, 0.70237585616438358, 0.72110445205479456, 0.72870291095890416, 0.73544520547945202, 0.74122431506849318, 0.74582619863013699, 0.75, 0.75181934931506844, 0.75620719178082196, 0.76123715753424659, 0.7655179794520548, 0.77022688356164382, 0.77418664383561642, 0.77900256849315064, 0.78306934931506844, 0.7849957191780822, 0.78831335616438358, 0.79184503424657537, 0.79548373287671237, 0.79719606164383561, 0.80008561643835618, 0.80586472602739723, 0.80661386986301364, 0.80950342465753422, 0.81335616438356162, 0.81421232876712324, 0.81699486301369861, 0.81817208904109584, 0.81967037671232879, 0.82213184931506844, 0.82181078767123283, 0.82502140410958902, 0.82726883561643838, 0.82898116438356162, 0.83080051369863017, 0.8318707191780822, 0.83379708904109584, 0.83347602739726023, 0.83722174657534243, 0.83946917808219179, 0.84021832191780821, 0.84053938356164382, 0.8436429794520548, 0.84524828767123283, 0.84610445205479456], 'loss': [0.88186579391564413, 0.80653405720240445, 0.76951108781033994, 0.74032252169635193, 0.71656349730001734, 0.69649373056137398, 0.67899000460970893, 0.6632390427466941, 0.64953515770500658, 0.63652036083887698, 0.62464212166936428, 0.61347421615907594, 0.60315364231802016, 0.59350260275683986, 0.58434124086817651, 0.57572486323036565, 0.56759509699393629, 0.55981532004598067, 0.55238446021733223, 0.54533861853080257, 0.53868582793702813, 0.53241657700440659, 0.52611998468637466, 0.5199571934668985, 0.51443371636002033, 0.50880349335605146, 0.50344839692115784, 0.49809424323986656, 0.49318086631494024, 0.48817695815065137, 0.48353993025136321, 0.47880668417639927, 0.47437296721012623, 0.46964541434833446, 0.46525558793585592, 0.46120727929758698, 0.45727414336718925, 0.45308266901602484, 0.44908130107677147, 0.44521406185749457, 0.4415177613598843, 0.43767194016134903, 0.43406746148654857, 0.4303782731804946, 0.42700843456877419, 0.4233703762803176, 0.4202154847244694, 0.41656028351759256, 0.41344848836529746, 0.41031436162860424], 'val_acc': [0.64875856164383561, 0.65988869863013699, 0.67123287671232879, 0.68257705479452058, 0.69327910958904104, 0.70612157534246578, 0.71254280821917804, 0.7226027397260274, 0.72602739726027399, 0.72966609589041098, 0.73266267123287676, 0.73501712328767121, 0.73694349315068497, 0.73886986301369861, 0.74101027397260277, 0.74422089041095896, 0.74764554794520544, 0.74935787671232879, 0.75042808219178081, 0.75278253424657537, 0.7540667808219178, 0.75813356164383561, 0.76113013698630139, 0.76113013698630139, 0.76091609589041098, 0.76091609589041098, 0.76327054794520544, 0.76412671232876717, 0.76369863013698636, 0.7654109589041096, 0.76755136986301364, 0.7694777397260274, 0.77011986301369861, 0.7696917808219178, 0.76840753424657537, 0.76840753424657537, 0.77204623287671237, 0.77226027397260277, 0.77204623287671237, 0.77247431506849318, 0.77226027397260277, 0.77161815068493156, 0.77226027397260277, 0.77097602739726023, 0.77440068493150682, 0.77397260273972601, 0.77397260273972601, 0.77568493150684936, 0.77397260273972601, 0.77589897260273977], 'val_loss': [0.82214462348859607, 0.78248690211609617, 0.75220364066835954, 0.72857065172228097, 0.7096657706041859, 0.69406847247522174, 0.68069605672196165, 0.67008474407947227, 0.6589678840277946, 0.64968518443303569, 0.64137192703273194, 0.63397145944915401, 0.6273960005747129, 0.62131045962849707, 0.61582719993917912, 0.61071072090161993, 0.60594143381673993, 0.60177129629540116, 0.59827976581984998, 0.59462066525465818, 0.59089161823057146, 0.58818645754905596, 0.58511942257619887, 0.58267464009049819, 0.5806727372620204, 0.57807576309328212, 0.57594621099837839, 0.57473163837439389, 0.57258613162661254, 0.57067178455117629, 0.56977215715467111, 0.56818872077824323, 0.56666556551848368, 0.56617188269961372, 0.56531710126628609, 0.56442748622535022, 0.56343326860502974, 0.56288258170020089, 0.56197567743389576, 0.56202138888917552, 0.56159349275778414, 0.56084597702712224, 0.56161156347761421, 0.56181699456009149, 0.56020202355025561, 0.56105847462807612, 0.56085219254640684, 0.56046651773256795, 0.56124962060010597, 0.56060092212402657]}
139.076999903

NN2
rmsprop
tanh
train
0.899614726027
valid
0.760059931507
historique
{'acc': [0.66641695205479456, 0.76904965753424659, 0.79944349315068497, 0.81292808219178081, 0.82245291095890416, 0.83122859589041098, 0.83657962328767121, 0.84267979452054798, 0.85038527397260277, 0.85434503424657537, 0.85819777397260277, 0.86140839041095896, 0.86654537671232879, 0.8671875, 0.87071917808219179, 0.87328767123287676, 0.87467893835616439, 0.87842465753424659, 0.87778253424657537, 0.8789597602739726, 0.88120719178082196, 0.88174229452054798, 0.8827054794520548, 0.88409674657534243, 0.88495291095890416, 0.88516695205479456, 0.88784246575342463, 0.88741438356164382, 0.88944777397260277, 0.8904109589041096, 0.88966181506849318, 0.89094606164383561, 0.89297945205479456, 0.89148116438356162, 0.89330051369863017, 0.89565496575342463, 0.89565496575342463, 0.89565496575342463, 0.89576198630136983, 0.89683219178082196, 0.89619006849315064, 0.89683219178082196, 0.89800941780821919, 0.89597602739726023, 0.89779537671232879, 0.89907962328767121, 0.89907962328767121, 0.89875856164383561, 0.89950770547945202, 0.89961472602739723], 'loss': [0.76731239687906549, 0.58227464168855592, 0.51205934624965876, 0.47618267236098849, 0.45113749154014132, 0.4329972481992963, 0.41823728949035682, 0.40544806114614829, 0.39408296448727176, 0.38400163394335196, 0.37475230526944547, 0.36649494365572111, 0.35919882249954627, 0.35274278719539509, 0.3462338531007097, 0.34097743631429867, 0.33589348583545997, 0.3305603491321002, 0.3264425102468223, 0.32205401223203906, 0.31829710113369436, 0.31505714497235537, 0.31182102774818465, 0.3082448889386572, 0.30574778360250876, 0.30236366684612348, 0.30016045999547392, 0.29772319305330924, 0.29559484027224042, 0.29352711235517509, 0.29153052802924834, 0.2895378412500228, 0.28725569843225285, 0.28586135966677778, 0.28469671386817136, 0.28278782212315767, 0.28173765633255243, 0.28043934949099608, 0.2792773676959619, 0.27863659232548654, 0.27779137486056105, 0.27669060926833383, 0.27581349770500235, 0.27580616986761763, 0.27454190655318023, 0.2740549524506069, 0.27352898533468784, 0.27199520240856767, 0.27147776429375559, 0.2705800119430235], 'val_acc': [0.73544520547945202, 0.76327054794520544, 0.77418664383561642, 0.77418664383561642, 0.77525684931506844, 0.77611301369863017, 0.77397260273972601, 0.77204623287671237, 0.77161815068493156, 0.77290239726027399, 0.77097602739726023, 0.77268835616438358, 0.77097602739726023, 0.77119006849315064, 0.77161815068493156, 0.76797945205479456, 0.7696917808219178, 0.7696917808219178, 0.76862157534246578, 0.76840753424657537, 0.76391267123287676, 0.76476883561643838, 0.76626712328767121, 0.76519691780821919, 0.76284246575342463, 0.76369863013698636, 0.76241438356164382, 0.76369863013698636, 0.76434075342465757, 0.76369863013698636, 0.76262842465753422, 0.765625, 0.76369863013698636, 0.76327054794520544, 0.76005993150684936, 0.7617722602739726, 0.76348458904109584, 0.76284246575342463, 0.76134417808219179, 0.76262842465753422, 0.76027397260273977, 0.76198630136986301, 0.76134417808219179, 0.75941780821917804, 0.7615582191780822, 0.76284246575342463, 0.75984589041095896, 0.76027397260273977, 0.7615582191780822, 0.76005993150684936], 'val_loss': [0.65395137994256736, 0.58340183635280551, 0.56478348221272634, 0.56195382549338146, 0.56214387173930258, 0.56565747716247217, 0.56548927540648475, 0.56879321730708421, 0.57095169051461026, 0.57353309082658321, 0.57854620142750546, 0.58247548117213055, 0.58636197100763454, 0.59004957963750782, 0.59593383641275643, 0.59777993178122668, 0.60272535926675141, 0.60690144806692048, 0.61152014534359111, 0.61549413183780566, 0.62191481316742836, 0.62603704447615638, 0.6298082645931472, 0.63387890088639842, 0.6377989727340333, 0.64372574731911703, 0.64804029628022075, 0.652691297539293, 0.65459238018279209, 0.65999330957866698, 0.66524856124226361, 0.66935377328159062, 0.67160140998559459, 0.67703255051619382, 0.67712269146760851, 0.68194184467604713, 0.6844425847983524, 0.68756393287075712, 0.6914651938395141, 0.69447375007279932, 0.69726943638022632, 0.70038181589278459, 0.70147200918769181, 0.70352126760025546, 0.70684911698511199, 0.70525248624282344, 0.70698666746077476, 0.70807588957760437, 0.70631469296265958, 0.7125500959076293]}
172.243999958

NN2
adagrad
tanh
train
0.94584760274
valid
0.75363869863
historique
{'acc': [0.7030179794520548, 0.79719606164383561, 0.82769691780821919, 0.84482020547945202, 0.85595034246575341, 0.86611729452054798, 0.87414383561643838, 0.88163527397260277, 0.8868792808219178, 0.89019691780821919, 0.89586900684931503, 0.89758133561643838, 0.90057791095890416, 0.9025042808219178, 0.90550085616438358, 0.90988869863013699, 0.91181506849315064, 0.91288527397260277, 0.91470462328767121, 0.91705907534246578, 0.91898544520547942, 0.91984160958904104, 0.9220890410958904, 0.92262414383561642, 0.92465753424657537, 0.92540667808219179, 0.92658390410958902, 0.92733304794520544, 0.92915239726027399, 0.93022260273972601, 0.93118578767123283, 0.93247003424657537, 0.93407534246575341, 0.93482448630136983, 0.93642979452054798, 0.93632277397260277, 0.93675085616438358, 0.93814212328767121, 0.93889126712328763, 0.94028253424657537, 0.93996147260273977, 0.9412457191780822, 0.94242294520547942, 0.94242294520547942, 0.94220890410958902, 0.94306506849315064, 0.94477739726027399, 0.94424229452054798, 0.94477739726027399, 0.94584760273972601], 'loss': [0.68718422285906255, 0.53297581156230955, 0.47017452937282928, 0.43074242239945554, 0.40199999506138773, 0.37946950276828795, 0.36112511203917741, 0.34557560565945222, 0.33218837881537333, 0.32051069320064701, 0.31010911297308258, 0.3008945645534829, 0.29245956323734701, 0.28477498549610786, 0.27781984235530033, 0.27134796954079032, 0.26531606898579285, 0.25984753535626687, 0.25458092148071282, 0.24975972066391006, 0.24515858353817299, 0.24089249782264233, 0.23685895199951243, 0.23301930738332338, 0.22940499651921939, 0.22595479298536092, 0.22266280656195667, 0.21956082548282735, 0.21656603039535757, 0.21371669064543836, 0.21099273623158671, 0.20834555485834405, 0.20583374318602968, 0.20345897679153371, 0.20113168229438264, 0.19892675876107119, 0.19678988210754852, 0.19470711692861498, 0.19273926102084249, 0.19080438091075175, 0.18897882795395099, 0.18716793093983441, 0.1854355654181683, 0.18373023499160596, 0.18213231503095936, 0.18054375606142495, 0.1789926894851131, 0.17758115974242147, 0.17612872328864385, 0.17474915468682573], 'val_acc': [0.75470890410958902, 0.76455479452054798, 0.77568493150684936, 0.77525684931506844, 0.77675513698630139, 0.77675513698630139, 0.7771832191780822, 0.77846746575342463, 0.77825342465753422, 0.77611301369863017, 0.77461472602739723, 0.77268835616438358, 0.77311643835616439, 0.77183219178082196, 0.77161815068493156, 0.77097602739726023, 0.76990582191780821, 0.7696917808219178, 0.76797945205479456, 0.76883561643835618, 0.76648116438356162, 0.76776541095890416, 0.76648116438356162, 0.76476883561643838, 0.76369863013698636, 0.76369863013698636, 0.76220034246575341, 0.7617722602739726, 0.76198630136986301, 0.76113013698630139, 0.76048801369863017, 0.75984589041095896, 0.76070205479452058, 0.75920376712328763, 0.75834760273972601, 0.75920376712328763, 0.75941780821917804, 0.75920376712328763, 0.75941780821917804, 0.75941780821917804, 0.75834760273972601, 0.75813356164383561, 0.75834760273972601, 0.75642123287671237, 0.75727739726027399, 0.75577910958904104, 0.75663527397260277, 0.75599315068493156, 0.7540667808219178, 0.75363869863013699], 'val_loss': [0.61256512734171464, 0.571589736701691, 0.55563989179591611, 0.54929452807935952, 0.54700453089524625, 0.54689573955862492, 0.54820544864625143, 0.55040299392318071, 0.55301920202088684, 0.55633868266866626, 0.56006270483748555, 0.5636558302053033, 0.56764524001373007, 0.57165876622885869, 0.57559723060016765, 0.5797521026983653, 0.58394867630854042, 0.58806223922396361, 0.59225775454550578, 0.59652154198656349, 0.60074004867713748, 0.60478070123146654, 0.60912120556586413, 0.61329428769954264, 0.6174797467785339, 0.62142645302292421, 0.6257995838580066, 0.62980739660050766, 0.63404642805865363, 0.63806162733737737, 0.64202889601049362, 0.64588735885407822, 0.64980624687590016, 0.65383958239873796, 0.65777646408301516, 0.66153127097920195, 0.66539016702812015, 0.66942149227204384, 0.67307456868560345, 0.67681306299485577, 0.68057567753816306, 0.68440080224855304, 0.68806863729267909, 0.69172314768784671, 0.6954314700034383, 0.69911710642380254, 0.70269264648221941, 0.70613131029148624, 0.70958890117806928, 0.7130823266016294]}
178.98300004

NN2
adadelta
tanh
train
0.880565068493
valid
0.765839041096
historique
{'acc': [0.63752140410958902, 0.6952054794520548, 0.73630136986301364, 0.75353167808219179, 0.76926369863013699, 0.77868150684931503, 0.78756421232876717, 0.79516267123287676, 0.79955051369863017, 0.8047945205479452, 0.8087542808219178, 0.8126070205479452, 0.81517551369863017, 0.81977739726027399, 0.82395119863013699, 0.82748287671232879, 0.82983732876712324, 0.8321917808219178, 0.83508133561643838, 0.8359375, 0.83925513698630139, 0.84182363013698636, 0.84332191780821919, 0.84439212328767121, 0.84674657534246578, 0.85027825342465757, 0.85070633561643838, 0.85263270547945202, 0.85477311643835618, 0.85691352739726023, 0.85819777397260277, 0.86023116438356162, 0.86108732876712324, 0.8631207191780822, 0.86526113013698636, 0.86847174657534243, 0.86782962328767121, 0.87007705479452058, 0.87082619863013699, 0.87168236301369861, 0.8712542808219178, 0.87296660958904104, 0.8748929794520548, 0.87457191780821919, 0.87574914383561642, 0.87671232876712324, 0.87778253424657537, 0.87799657534246578, 0.88035102739726023, 0.88056506849315064], 'loss': [0.84810704931820913, 0.70149120065855652, 0.64390197875973298, 0.60564336139861852, 0.57705973445960923, 0.555001301206138, 0.53666676994260043, 0.52117739648443384, 0.50794175568304645, 0.49629841474433467, 0.4855962975384438, 0.47607451876344747, 0.46739709933530793, 0.45925788632402681, 0.45193648486308857, 0.44491013833512999, 0.43845898132414035, 0.432573935399725, 0.42673516498036579, 0.42139119741647213, 0.41625412129988409, 0.41151312126280509, 0.40696561198732623, 0.402370866592208, 0.39817860191815518, 0.39405035181608916, 0.39032668538697779, 0.386685895184948, 0.38291305681205778, 0.37929620700952127, 0.37613990900349126, 0.37269845130304768, 0.36972322320080786, 0.36679807356367372, 0.36401422309038572, 0.36104251258075237, 0.35853303547897569, 0.35569486864013217, 0.35297924609318987, 0.35054153561183848, 0.34812320477954328, 0.34572005057579852, 0.34307108023395277, 0.34089569994950131, 0.33890377589794873, 0.33641198884746798, 0.33446014789889938, 0.33242710901755995, 0.3302774247139284, 0.32827657655085601], 'val_acc': [0.66523972602739723, 0.7228167808219178, 0.73501712328767121, 0.74550513698630139, 0.74764554794520544, 0.75363869863013699, 0.75920376712328763, 0.76669520547945202, 0.76733732876712324, 0.76733732876712324, 0.77097602739726023, 0.77290239726027399, 0.77119006849315064, 0.77461472602739723, 0.77440068493150682, 0.77675513698630139, 0.77696917808219179, 0.77696917808219179, 0.77482876712328763, 0.77675513698630139, 0.77589897260273977, 0.77247431506849318, 0.77247431506849318, 0.77311643835616439, 0.77140410958904104, 0.77226027397260277, 0.77076198630136983, 0.77033390410958902, 0.77140410958904104, 0.77140410958904104, 0.77011986301369861, 0.76862157534246578, 0.77054794520547942, 0.77161815068493156, 0.76990582191780821, 0.76904965753424659, 0.7694777397260274, 0.76883561643835618, 0.76904965753424659, 0.76776541095890416, 0.76648116438356162, 0.76690924657534243, 0.76862157534246578, 0.76690924657534243, 0.76776541095890416, 0.76990582191780821, 0.76626712328767121, 0.76690924657534243, 0.7654109589041096, 0.7658390410958904], 'val_loss': [0.74130486156025976, 0.67775091651367814, 0.64284663759682281, 0.62026408722955884, 0.60550795801698343, 0.59394018413269356, 0.58587546483294606, 0.57976591097165464, 0.5748373343519968, 0.5714482910012546, 0.56854446956964388, 0.5669622255922997, 0.56560493117734179, 0.56474585147344902, 0.56431652044188485, 0.56394859944304376, 0.5641584749499412, 0.5644540273367542, 0.56525056513204963, 0.56607372721988858, 0.56761189223560571, 0.5689459633949685, 0.56951936997779429, 0.57065163522142248, 0.57215198313128457, 0.57377748599607648, 0.57532824218681411, 0.57709692479812935, 0.57840578043705793, 0.58043382245383845, 0.58228136333700731, 0.58384853866818831, 0.58521167035788701, 0.5868339715142773, 0.58838539131700174, 0.59051307311205015, 0.59242779353301822, 0.59401666617965043, 0.59565779015625997, 0.5979616018394901, 0.59904218883547067, 0.60062801766477214, 0.60378916888204337, 0.60441521800135911, 0.6064917750350417, 0.60925398726169377, 0.60899006963184432, 0.6114395444523798, 0.61239678402469577, 0.61388338061228187]}
159.743999958

NN2
adam
tanh
train
0.972174657534
valid
0.689426369863
historique
{'acc': [0.67786815068493156, 0.80201198630136983, 0.84503424657534243, 0.87253852739726023, 0.89126712328767121, 0.90357448630136983, 0.9138484589041096, 0.92305222602739723, 0.93043664383561642, 0.93525256849315064, 0.93899828767123283, 0.94370719178082196, 0.94606164383561642, 0.94755993150684936, 0.94991438356164382, 0.95280393835616439, 0.95366010273972601, 0.95494434931506844, 0.95590753424657537, 0.95783390410958902, 0.95729880136986301, 0.95879708904109584, 0.96008133561643838, 0.96232876712328763, 0.96157962328767121, 0.96307791095890416, 0.96275684931506844, 0.96275684931506844, 0.96553938356164382, 0.96436215753424659, 0.96318493150684936, 0.96607448630136983, 0.96682363013698636, 0.96639554794520544, 0.96693065068493156, 0.96553938356164382, 0.96800085616438358, 0.96842893835616439, 0.9685359589041096, 0.97003424657534243, 0.97024828767123283, 0.96992722602739723, 0.97056934931506844, 0.96949914383561642, 0.97121147260273977, 0.97067636986301364, 0.97046232876712324, 0.97110445205479456, 0.97121147260273977, 0.97217465753424659], 'loss': [0.74507607213438376, 0.52338980903772458, 0.41799855023010135, 0.35312170759864048, 0.30658600372198508, 0.27120826056558794, 0.24383991433639232, 0.22141626885492507, 0.20328373802596167, 0.1884319682235587, 0.17605120331457216, 0.16460734580273498, 0.15667060370340127, 0.14969364467574514, 0.14281192578834623, 0.13638223155899204, 0.13171644838628907, 0.12782813036297638, 0.12257116970012909, 0.11929415111519294, 0.11627362663570587, 0.11332606130968524, 0.11127019696231064, 0.10812808006797751, 0.1062049296898257, 0.10449766770821728, 0.10195368889652269, 0.1002832328651917, 0.098400232121380271, 0.097095029973999075, 0.095719288420633805, 0.094594999678968769, 0.093003106726116613, 0.091363669391434435, 0.090878888891295417, 0.089670367481518687, 0.088254397845036053, 0.087097225431671796, 0.085829352988695651, 0.085196557138609533, 0.083903859034563377, 0.083122756774298062, 0.082180127074498663, 0.081431357244233768, 0.080524003171451294, 0.080103712148441336, 0.079118124907038956, 0.078445940899618025, 0.077820258629699685, 0.07636745831903631], 'val_acc': [0.74293664383561642, 0.7735445205479452, 0.77782534246575341, 0.77547089041095896, 0.77011986301369861, 0.76605308219178081, 0.76262842465753422, 0.76070205479452058, 0.7502140410958904, 0.75042808219178081, 0.74892979452054798, 0.74379280821917804, 0.73951198630136983, 0.73908390410958902, 0.73394691780821919, 0.73287671232876717, 0.73073630136986301, 0.72838184931506844, 0.72452910958904104, 0.7228167808219178, 0.7189640410958904, 0.71810787671232879, 0.71660958904109584, 0.71982020547945202, 0.71532534246575341, 0.71232876712328763, 0.70954623287671237, 0.71382705479452058, 0.70954623287671237, 0.71190068493150682, 0.71168664383561642, 0.70976027397260277, 0.70141267123287676, 0.70761986301369861, 0.70590753424657537, 0.70055650684931503, 0.70162671232876717, 0.70376712328767121, 0.69948630136986301, 0.70205479452054798, 0.69606164383561642, 0.69499143835616439, 0.69798801369863017, 0.69456335616438358, 0.69584760273972601, 0.69220890410958902, 0.69049657534246578, 0.69392123287671237, 0.69220890410958902, 0.68942636986301364], 'val_loss': [0.62469733475822287, 0.55414885996955709, 0.54728194377193717, 0.5607403487171212, 0.58499886758931696, 0.61321703140458017, 0.64415227800403552, 0.67888446637008293, 0.71868491142171698, 0.75529580609235047, 0.79556351675562664, 0.83612741764685883, 0.87615165543066309, 0.92074455126915888, 0.961742124941251, 1.0004873637569278, 1.0459074884755155, 1.0906192389355129, 1.133093705120152, 1.1776976657852734, 1.21906586675203, 1.2570252041906527, 1.2959882066878554, 1.3358998389991179, 1.3812724416182465, 1.4192494654083905, 1.457575466841051, 1.4916391409423253, 1.5242139189823034, 1.5620499309407521, 1.5944350494505608, 1.6286422988935694, 1.6686620956210241, 1.688333886229012, 1.7235165566001853, 1.7689984422432232, 1.7929223075713197, 1.8237172941843125, 1.8560368716716766, 1.8777439092120078, 1.9108991780101436, 1.9441947379749116, 1.9663379100495821, 1.995979781224303, 2.0227324160402769, 2.0597966025545174, 2.0944052193671059, 2.1035135165877539, 2.1316255704589087, 2.170422748955962]}
205.025000095

NN2
adamax
tanh
train
0.954730308219
valid
0.735659246575
historique
{'acc': [0.64940068493150682, 0.74293664383561642, 0.77771832191780821, 0.80222602739726023, 0.81752996575342463, 0.8283390410958904, 0.83807791095890416, 0.84514126712328763, 0.85434503424657537, 0.86065924657534243, 0.86761558219178081, 0.87285958904109584, 0.88045804794520544, 0.88484589041095896, 0.88891267123287676, 0.89372859589041098, 0.89511986301369861, 0.89950770547945202, 0.90389554794520544, 0.90550085616438358, 0.90924657534246578, 0.91117294520547942, 0.91449058219178081, 0.91630993150684936, 0.9180222602739726, 0.92112585616438358, 0.92422945205479456, 0.9258347602739726, 0.92776113013698636, 0.92797517123287676, 0.93161386986301364, 0.93439640410958902, 0.93642979452054798, 0.93792808219178081, 0.93792808219178081, 0.94038955479452058, 0.94210188356164382, 0.94103167808219179, 0.94477739726027399, 0.94616866438356162, 0.9450984589041096, 0.94702482876712324, 0.94830907534246578, 0.94820205479452058, 0.9493792808219178, 0.9492722602739726, 0.95077054794520544, 0.95248287671232879, 0.95366010273972601, 0.95473030821917804], 'loss': [0.79683926558657869, 0.63245473281569675, 0.55481811745526044, 0.50867892811967907, 0.47437611977531485, 0.44760235419420347, 0.42480633943660617, 0.40413544020832404, 0.38648854241999864, 0.36947392146677188, 0.35417306137411564, 0.34122543700345576, 0.32820377937734946, 0.31602213465391771, 0.30488330309521661, 0.29445113239120946, 0.28438028619203665, 0.2756273528586512, 0.26653212566592105, 0.25825366837112873, 0.25074788205937981, 0.24351215347239416, 0.23587689127722014, 0.22933748791836303, 0.22363426772341743, 0.21707176289533917, 0.21163365866172396, 0.20630403457541172, 0.20115442454100471, 0.19586775172501802, 0.1912225997203017, 0.18689211880252377, 0.18250609052763, 0.17806031345708728, 0.17428382648767471, 0.17099499384783309, 0.16706113657620672, 0.16346510839074441, 0.16046327298302968, 0.15724912708089367, 0.15442583896857623, 0.1515463958685733, 0.1490920787830263, 0.14639418783967625, 0.14368272211070951, 0.14217528734636836, 0.13969227320144642, 0.13737281172676649, 0.13511480881564625, 0.13329284623494908], 'val_acc': [0.6954195205479452, 0.75085616438356162, 0.76113013698630139, 0.76904965753424659, 0.77440068493150682, 0.77675513698630139, 0.77696917808219179, 0.77803938356164382, 0.77761130136986301, 0.77504280821917804, 0.7733304794520548, 0.77204623287671237, 0.77247431506849318, 0.77247431506849318, 0.77011986301369861, 0.76904965753424659, 0.76797945205479456, 0.76862157534246578, 0.76476883561643838, 0.75941780821917804, 0.76305650684931503, 0.75963184931506844, 0.75963184931506844, 0.75898972602739723, 0.75727739726027399, 0.75856164383561642, 0.75898972602739723, 0.75470890410958902, 0.75492294520547942, 0.75342465753424659, 0.75256849315068497, 0.7538527397260274, 0.75042808219178081, 0.74871575342465757, 0.75149828767123283, 0.74764554794520544, 0.74764554794520544, 0.74678938356164382, 0.74250856164383561, 0.73608732876712324, 0.74293664383561642, 0.74015410958904104, 0.73758561643835618, 0.73908390410958902, 0.74036815068493156, 0.74015410958904104, 0.73758561643835618, 0.73929794520547942, 0.73137842465753422, 0.73565924657534243], 'val_loss': [0.69581360033113659, 0.61399537753568934, 0.58198670389717577, 0.56728442584815086, 0.55987611086401223, 0.55658992359491244, 0.55509095322595881, 0.55681359196362434, 0.55985706503668875, 0.56458236573085396, 0.57005352659584729, 0.57575929613962562, 0.58154853310895294, 0.58932132876082644, 0.59770746610752523, 0.6067761189929427, 0.6162680727365899, 0.62625844327554314, 0.63678776064555942, 0.64767343571333036, 0.65601696574116408, 0.66683514426424084, 0.67804999659730969, 0.68914274361035599, 0.70455410464169232, 0.71812741376765787, 0.7322354195767069, 0.74330618742802368, 0.7579160425556849, 0.76891736584166959, 0.78271573516604021, 0.80046836174514191, 0.81412384067087962, 0.8282060560910669, 0.84336881084393145, 0.85767101190269812, 0.87833050056679607, 0.89057392453494133, 0.91022307058311491, 0.92263396033277245, 0.93834414782181175, 0.95514030723947363, 0.97157164601838752, 0.98869762314509035, 1.0039884196977094, 1.0217424845450545, 1.0336167592912504, 1.0542175606505511, 1.0726975684296596, 1.089930642038992]}
195.667000055

NN2
nadam
tanh
train
0.985659246575
valid
0.689212328767
historique
{'acc': [0.71243578767123283, 0.82887414383561642, 0.86879280821917804, 0.89533390410958902, 0.90903253424657537, 0.9220890410958904, 0.92925941780821919, 0.93685787671232879, 0.94103167808219179, 0.9450984589041096, 0.94734589041095896, 0.94809503424657537, 0.95098458904109584, 0.95430222602739723, 0.95473030821917804, 0.95633561643835618, 0.95954623287671237, 0.95794092465753422, 0.96190068493150682, 0.9609375, 0.96222174657534243, 0.96339897260273977, 0.9647902397260274, 0.96457619863013699, 0.96639554794520544, 0.96725171232876717, 0.96778681506849318, 0.96767979452054798, 0.9685359589041096, 0.97067636986301364, 0.97142551369863017, 0.97174657534246578, 0.97431506849315064, 0.97377996575342463, 0.97613441780821919, 0.97581335616438358, 0.9763484589041096, 0.97741866438356162, 0.97827482876712324, 0.97827482876712324, 0.97945205479452058, 0.97945205479452058, 0.9805222602739726, 0.98180650684931503, 0.98223458904109584, 0.98309075342465757, 0.984375, 0.98309075342465757, 0.98544520547945202, 0.98565924657534243], 'loss': [0.68166309860471175, 0.44453672238000452, 0.34624678728311031, 0.28664562578172714, 0.24468925452395662, 0.21492826951386995, 0.19304962088800456, 0.17617507574901189, 0.16275865309042473, 0.15291458580081593, 0.14565703844370909, 0.13844425862731591, 0.13240392295937117, 0.12611676147207618, 0.12253523397272172, 0.11828971492630519, 0.11507549044861114, 0.11027419828962892, 0.1057038666817602, 0.10563835440911608, 0.10155780748934612, 0.098243543817597909, 0.094994349799865263, 0.094111637397324796, 0.090720881939999609, 0.088977825840654445, 0.086621858501704799, 0.084314113862378748, 0.081970180770739504, 0.080276200366015099, 0.077569355697001088, 0.075538656250127165, 0.072641052564443406, 0.0707551704285896, 0.068767423291406782, 0.066780185028719269, 0.064975465238827912, 0.063479703201988896, 0.060629556197928237, 0.058838977568148161, 0.057512083474374441, 0.055571087823035707, 0.053713205091859381, 0.051818338041600437, 0.049870672737597488, 0.049491439848318566, 0.047259067128610173, 0.045838415671749143, 0.043870191683447343, 0.042089614040801963], 'val_acc': [0.77482876712328763, 0.77418664383561642, 0.76476883561643838, 0.7617722602739726, 0.75492294520547942, 0.74914383561643838, 0.74315068493150682, 0.74079623287671237, 0.73929794520547942, 0.73758561643835618, 0.73287671232876717, 0.73266267123287676, 0.72688356164383561, 0.72452910958904104, 0.72131849315068497, 0.7264554794520548, 0.72474315068493156, 0.71660958904109584, 0.71553938356164382, 0.71190068493150682, 0.71446917808219179, 0.71232876712328763, 0.70398116438356162, 0.70590753424657537, 0.70612157534246578, 0.7108304794520548, 0.70205479452054798, 0.69777397260273977, 0.6990582191780822, 0.70761986301369861, 0.70162671232876717, 0.69948630136986301, 0.70141267123287676, 0.69755993150684936, 0.69798801369863017, 0.69220890410958902, 0.69242294520547942, 0.6952054794520548, 0.69863013698630139, 0.69199486301369861, 0.69734589041095896, 0.69456335616438358, 0.69263698630136983, 0.69306506849315064, 0.68814212328767121, 0.69006849315068497, 0.69113869863013699, 0.69392123287671237, 0.6913527397260274, 0.68921232876712324], 'val_loss': [0.56150425358177869, 0.55462804763284446, 0.59084080578121423, 0.63639510448460712, 0.69419354384076104, 0.75166665808591127, 0.81128558766556114, 0.86451813180560932, 0.92888788690101609, 0.97954135449373558, 1.0319570936262608, 1.0956169779680363, 1.1466993075629619, 1.2063122127358228, 1.2497636293609664, 1.3006041940965065, 1.3355472001106772, 1.3996053246194369, 1.4485958862590462, 1.4924815662511408, 1.5321761951462862, 1.584544486889284, 1.6314513373048338, 1.6558972360336617, 1.6931221894409558, 1.7205715765283531, 1.7699544480810427, 1.814839860858166, 1.8346016135526031, 1.8632318731652546, 1.89850929297813, 1.9160429373995898, 1.9635571543484518, 2.0020671064314777, 2.0281397841156346, 2.060883492231369, 2.0899665135226839, 2.1075838257188666, 2.1340100603969128, 2.1779778887556023, 2.1939488637120754, 2.2220140307733458, 2.2510099798849184, 2.2795221262598693, 2.3172883221956146, 2.3371739599802721, 2.3757706099789435, 2.3816684126241565, 2.4113949041252267, 2.4490131522490555]}
190.816999912

