NN1
sgd
train
0.755672089041
valid
0.740154109589
historique
{'acc': [0.63409674657534243, 0.64148116438356162, 0.64180222602739723, 0.64287243150684936, 0.64961472602739723, 0.65849743150684936, 0.66320633561643838, 0.66630993150684936, 0.67091181506849318, 0.67551369863013699, 0.68450342465753422, 0.68953339041095896, 0.69584760273972601, 0.70205479452054798, 0.70569349315068497, 0.71168664383561642, 0.7148972602739726, 0.71821489726027399, 0.72099743150684936, 0.72388698630136983, 0.72624143835616439, 0.72773972602739723, 0.72816780821917804, 0.7304152397260274, 0.73223458904109584, 0.73512414383561642, 0.73640839041095896, 0.73533818493150682, 0.73769263698630139, 0.7383347602739726, 0.73940496575342463, 0.74079623287671237, 0.74261558219178081, 0.7421875, 0.74282962328767121, 0.74464897260273977, 0.74529109589041098, 0.7461472602739726, 0.74678938356164382, 0.74657534246575341, 0.74807363013698636, 0.74807363013698636, 0.74892979452054798, 0.75, 0.75096318493150682, 0.75224743150684936, 0.75214041095890416, 0.75353167808219179, 0.75524400684931503, 0.75567208904109584], 'loss': [0.92722731420438587, 0.83733123540878296, 0.81138364766558557, 0.79232380202371777, 0.77649561244330989, 0.76298017503872306, 0.75124804981767312, 0.74092383968503506, 0.73170630521561997, 0.72350886168136985, 0.71603594281493799, 0.70925649122832568, 0.70299652708719851, 0.69720693544982226, 0.69183170693377927, 0.68683541341595455, 0.68213931562965868, 0.67773539021815343, 0.67356512430187776, 0.66961287747915477, 0.66584702223947601, 0.66227329124326573, 0.65885554907256605, 0.65560653101499766, 0.65242012947389527, 0.64946782650196389, 0.64656362376392706, 0.64376822746779816, 0.64105216117754371, 0.63847596004401164, 0.63596427573324887, 0.63352368414810256, 0.63115876035331042, 0.62885596439854741, 0.62663838542895778, 0.62447647413570584, 0.62235081471400722, 0.6203115932541351, 0.61830305706148281, 0.61635396578540536, 0.61444086336517989, 0.61257683618427961, 0.61077068429695414, 0.60899746346555339, 0.60725943764595136, 0.6055495016378899, 0.60387358600146146, 0.60224630061077744, 0.60065876753771141, 0.5990990843266657], 'val_acc': [0.6483304794520548, 0.6485445205479452, 0.64875856164383561, 0.65175513698630139, 0.66181506849315064, 0.66695205479452058, 0.66909246575342463, 0.66973458904109584, 0.67315924657534243, 0.68043664383561642, 0.68535958904109584, 0.69028253424657537, 0.69648972602739723, 0.69863013698630139, 0.70162671232876717, 0.70398116438356162, 0.7069777397260274, 0.70911815068493156, 0.71061643835616439, 0.71404109589041098, 0.71532534246575341, 0.71703767123287676, 0.71875, 0.72003424657534243, 0.72324486301369861, 0.72431506849315064, 0.72538527397260277, 0.7264554794520548, 0.72709760273972601, 0.7266695205479452, 0.72624143835616439, 0.72795376712328763, 0.72880993150684936, 0.73009417808219179, 0.73009417808219179, 0.73095034246575341, 0.73244863013698636, 0.73287671232876717, 0.73373287671232879, 0.73394691780821919, 0.734375, 0.73565924657534243, 0.73694349315068497, 0.73758561643835618, 0.7384417808219178, 0.73886986301369861, 0.73972602739726023, 0.73972602739726023, 0.74036815068493156, 0.74015410958904104], 'val_loss': [0.85238545275714295, 0.8183487498596923, 0.79801785986717433, 0.78167419788772108, 0.7679269087232955, 0.75619675504834682, 0.74602919612845331, 0.73712391008252964, 0.72923794960322441, 0.72221004554670154, 0.71581997446817891, 0.71005870993823217, 0.70480919108815387, 0.69994573642129765, 0.69551447891209228, 0.69134509114369957, 0.68748250583263293, 0.6838895556044905, 0.680537002339755, 0.67736558432448402, 0.67435982762134239, 0.67153165744592069, 0.66884853782719134, 0.66629483050679505, 0.66392684166562066, 0.6615525596354106, 0.65933102206008076, 0.65722095170249673, 0.65517687266820102, 0.65321597701882661, 0.65134442893609612, 0.64955252694757015, 0.64778701511964409, 0.64611619180195956, 0.64450802153920472, 0.64292529225349426, 0.64143187358771281, 0.63993627159562827, 0.63852932477650581, 0.63714007747499912, 0.63577064463537036, 0.63449275085370838, 0.63324817076121287, 0.63201818155915768, 0.63081651926040649, 0.62964627554971875, 0.62853512106692955, 0.62745584567932233, 0.62633449002488017, 0.62530178505263911]}

NN1
rmsprop
train
0.854880136986
valid
0.766267123288
historique
{'acc': [0.63837756849315064, 0.67444349315068497, 0.73084332191780821, 0.75535102739726023, 0.77311643835616439, 0.78371147260273977, 0.79345034246575341, 0.80126284246575341, 0.8045804794520548, 0.80907534246575341, 0.81217893835616439, 0.8164597602739726, 0.81763698630136983, 0.8200984589041096, 0.82255993150684936, 0.82577054794520544, 0.82619863013698636, 0.82737585616438358, 0.828125, 0.83069349315068497, 0.83229880136986301, 0.83283390410958902, 0.83315496575342463, 0.83465325342465757, 0.8358304794520548, 0.83647260273972601, 0.83797089041095896, 0.83818493150684936, 0.8398972602739726, 0.84053938356164382, 0.84182363013698636, 0.84235873287671237, 0.84214469178082196, 0.84471318493150682, 0.84546232876712324, 0.84642551369863017, 0.84631849315068497, 0.8476027397260274, 0.84867294520547942, 0.84835188356164382, 0.84910102739726023, 0.85027825342465757, 0.85027825342465757, 0.85092037671232879, 0.85113441780821919, 0.85113441780821919, 0.85295376712328763, 0.85231164383561642, 0.85284674657534243, 0.85488013698630139], 'loss': [0.84709649839221612, 0.69897711409689633, 0.63633258987779484, 0.59474938464899585, 0.5648580276190418, 0.54245856159353911, 0.52510970320603623, 0.51126780973313601, 0.49980175561488493, 0.49010269292821623, 0.48125040112701178, 0.47457298243494883, 0.46758868922925978, 0.46222681179642677, 0.45712712131542704, 0.4520307237869256, 0.44792055797903507, 0.44360213354229927, 0.43981396774314852, 0.43656841193466156, 0.43331998091650337, 0.43019372775946579, 0.42750432873017169, 0.42467824094099543, 0.42209616492259994, 0.41974746379746147, 0.41744242840739965, 0.41497098266670146, 0.41312018312411763, 0.41119285448365017, 0.40922128937321983, 0.40715567389987917, 0.40533275223553999, 0.4039089057390412, 0.40198884899281473, 0.40060773680675521, 0.39894938065785251, 0.39734481974211455, 0.39607323578571618, 0.3944824047080458, 0.39310119530721888, 0.3919742306413716, 0.39054362164580658, 0.38922429646122947, 0.38801801722649842, 0.38693004193371289, 0.38559164155325659, 0.38455717969838887, 0.38348272210624934, 0.38232836966747291], 'val_acc': [0.65410958904109584, 0.69456335616438358, 0.73137842465753422, 0.7461472602739726, 0.75920376712328763, 0.76498287671232879, 0.765625, 0.76904965753424659, 0.76862157534246578, 0.77033390410958902, 0.76990582191780821, 0.77076198630136983, 0.77054794520547942, 0.77204623287671237, 0.77204623287671237, 0.77226027397260277, 0.77290239726027399, 0.77183219178082196, 0.7733304794520548, 0.77290239726027399, 0.77247431506849318, 0.77204623287671237, 0.77054794520547942, 0.7696917808219178, 0.76990582191780821, 0.77097602739726023, 0.77011986301369861, 0.7694777397260274, 0.76904965753424659, 0.76840753424657537, 0.7696917808219178, 0.77011986301369861, 0.77097602739726023, 0.77140410958904104, 0.7696917808219178, 0.76883561643835618, 0.7696917808219178, 0.76862157534246578, 0.76776541095890416, 0.76797945205479456, 0.76755136986301364, 0.76669520547945202, 0.76733732876712324, 0.76648116438356162, 0.765625, 0.76605308219178081, 0.76626712328767121, 0.765625, 0.7658390410958904, 0.76626712328767121], 'val_loss': [0.74297767857166186, 0.67864722544199796, 0.63948602770289331, 0.61421429090303914, 0.59716833597176699, 0.58613381483783455, 0.57874155391569004, 0.57363224662330048, 0.57005296790436522, 0.56795945579875007, 0.56686932011826396, 0.56623312524736746, 0.56662661082124055, 0.56691957632564516, 0.56753641254689591, 0.56869333880404904, 0.56991690907576309, 0.57147513156476082, 0.57324938741448805, 0.57504984828299044, 0.5767696056872198, 0.5790375629312372, 0.58130245870106845, 0.58347263779133962, 0.58540161964419768, 0.58774369904031487, 0.59007806228856519, 0.59255655181326283, 0.59476374110130414, 0.59697299532286108, 0.59954973330644712, 0.60200997523657263, 0.60471587199462606, 0.60684837696895211, 0.60953843634422511, 0.61195619792154388, 0.61418018939152152, 0.6163513891092719, 0.61885112268875719, 0.62165658410689606, 0.62421235707524703, 0.62684258053155795, 0.62894304688662694, 0.63146762886684238, 0.63395159977347881, 0.63655580641472176, 0.63912114664299846, 0.64148248660646068, 0.64423469515287712, 0.64685643249995084]}

NN1
adagrad
train
0.847174657534
valid
0.773544520548
historique
{'acc': [0.64383561643835618, 0.6681292808219178, 0.69895119863013699, 0.72367294520547942, 0.74111729452054798, 0.75353167808219179, 0.76230736301369861, 0.77001284246575341, 0.77557791095890416, 0.78039383561643838, 0.7853167808219178, 0.79109589041095896, 0.79516267123287676, 0.79837328767123283, 0.8007277397260274, 0.80425941780821919, 0.80757705479452058, 0.80971746575342463, 0.81175085616438358, 0.81389126712328763, 0.81496147260273977, 0.81688784246575341, 0.81860017123287676, 0.81967037671232879, 0.82213184931506844, 0.82373715753424659, 0.82566352739726023, 0.82651969178082196, 0.82748287671232879, 0.82866010273972601, 0.82973030821917804, 0.83090753424657537, 0.83240582191780821, 0.83369006849315064, 0.83433219178082196, 0.83476027397260277, 0.83668664383561642, 0.83786386986301364, 0.83872003424657537, 0.8396832191780822, 0.84021832191780821, 0.84107448630136983, 0.84182363013698636, 0.84289383561643838, 0.84375, 0.84439212328767121, 0.84546232876712324, 0.84610445205479456, 0.84610445205479456, 0.84717465753424659], 'loss': [0.80217578496835007, 0.70300219412127585, 0.66621405763985364, 0.64102896466238857, 0.62177170445657759, 0.60620409056340174, 0.59317260511117442, 0.58197237020486026, 0.57216809985980599, 0.56345755484414428, 0.55563696841262789, 0.54854166967003315, 0.54205619656059845, 0.53608296985087334, 0.53055463874176756, 0.52541390643136143, 0.52060798484168636, 0.5160906258715342, 0.51184744939003901, 0.50783489960921957, 0.50403398316200465, 0.5004286218995917, 0.49699269959779635, 0.49371970261204734, 0.49058922053608178, 0.48759672821384586, 0.48472011477163396, 0.48196131970784434, 0.47930496829013303, 0.47674988598039708, 0.47428274797658398, 0.47190170653470576, 0.46960527674384311, 0.46737336408193797, 0.46521880263335086, 0.46313141704830407, 0.46110177489176191, 0.45913394724261269, 0.45722013053624599, 0.45535807321741156, 0.45354856734406457, 0.45178537672921404, 0.45006869381217107, 0.44839092619615056, 0.44675533626585789, 0.44516372343856997, 0.44360587582604527, 0.44207990547157316, 0.44059391329958014, 0.43913875367135219], 'val_acc': [0.65967465753424659, 0.68000856164383561, 0.69456335616438358, 0.70911815068493156, 0.72324486301369861, 0.7305222602739726, 0.73758561643835618, 0.74036815068493156, 0.74293664383561642, 0.7461472602739726, 0.74807363013698636, 0.75085616438356162, 0.75235445205479456, 0.75342465753424659, 0.75492294520547942, 0.75556506849315064, 0.75813356164383561, 0.75920376712328763, 0.76091609589041098, 0.76070205479452058, 0.76134417808219179, 0.7615582191780822, 0.76241438356164382, 0.7617722602739726, 0.7617722602739726, 0.76220034246575341, 0.76262842465753422, 0.76391267123287676, 0.7654109589041096, 0.765625, 0.76626712328767121, 0.76733732876712324, 0.76776541095890416, 0.76840753424657537, 0.76862157534246578, 0.76926369863013699, 0.7696917808219178, 0.77033390410958902, 0.77097602739726023, 0.77033390410958902, 0.77161815068493156, 0.77226027397260277, 0.77247431506849318, 0.77226027397260277, 0.77290239726027399, 0.77226027397260277, 0.77268835616438358, 0.77290239726027399, 0.77311643835616439, 0.7735445205479452], 'val_loss': [0.73738578594710724, 0.70233575469010501, 0.68103186867824972, 0.66580725573513611, 0.65406469674143075, 0.64458320442944361, 0.6367283328755261, 0.63005972439295621, 0.62430105450218676, 0.61926574515153288, 0.61480236114704445, 0.61081155910067364, 0.60722484817243605, 0.60396717692891211, 0.60100230003056465, 0.59828936869967475, 0.59579329662127034, 0.59348588202097641, 0.59134546983731939, 0.58936257803276793, 0.58751097239860117, 0.58577806247423769, 0.58415587021879956, 0.58262900783591076, 0.58119481434560805, 0.57984210244596823, 0.57856179651332229, 0.57735114983499869, 0.57620813156643957, 0.57512072688096194, 0.57408535705037311, 0.57310309557065575, 0.57216651370264082, 0.57127152791578473, 0.5704208269511184, 0.56960618842954502, 0.56882951275943072, 0.56808147283449562, 0.56736882194264293, 0.56668505827858029, 0.5660291720334798, 0.56539910623472034, 0.56479433403439716, 0.56421357842340858, 0.56365528172009616, 0.5631166986406666, 0.56259854668623777, 0.5620961466880694, 0.56161449563829868, 0.56115055370004208]}

NN1
adadelta
train
0.806399828767
valid
0.771190068493
historique
{'acc': [0.62307363013698636, 0.64169520547945202, 0.64287243150684936, 0.6482234589041096, 0.65817636986301364, 0.67444349315068497, 0.69360017123287676, 0.70847602739726023, 0.72313784246575341, 0.73223458904109584, 0.73908390410958902, 0.74368578767123283, 0.7459332191780822, 0.74807363013698636, 0.75139126712328763, 0.75363869863013699, 0.75706335616438358, 0.76027397260273977, 0.76134417808219179, 0.76508989726027399, 0.76723030821917804, 0.76862157534246578, 0.77011986301369861, 0.77151113013698636, 0.77461472602739723, 0.77686215753424659, 0.77857448630136983, 0.78178510273972601, 0.78221318493150682, 0.78403253424657537, 0.78585188356164382, 0.78692208904109584, 0.7889554794520548, 0.78991866438356162, 0.79152397260273977, 0.79248715753424659, 0.79355736301369861, 0.79559075342465757, 0.79601883561643838, 0.7969820205479452, 0.79880136986301364, 0.79880136986301364, 0.80008561643835618, 0.80115582191780821, 0.80233304794520544, 0.80297517123287676, 0.80436643835616439, 0.80500856164383561, 0.80554366438356162, 0.80639982876712324], 'loss': [0.97129832024443641, 0.83170750186051412, 0.77641004568909944, 0.74584384997413578, 0.72301396788799599, 0.70379247996088579, 0.68717818350008086, 0.67282749018440513, 0.65989242177711771, 0.6483970217100562, 0.63813479632547454, 0.62892562600031288, 0.62043367030277641, 0.61273764716844037, 0.60566416484852359, 0.59914631600657553, 0.5930942865471317, 0.58749008250154866, 0.58225122900450066, 0.57721459212368487, 0.57259450679364265, 0.56816807164721295, 0.5640049185859014, 0.56008490848622905, 0.55631193600288809, 0.55275610048476964, 0.54931419322343722, 0.54592232161188781, 0.54286599557285442, 0.53981678994142845, 0.53689885098640233, 0.5340532549235919, 0.53130344954663755, 0.52871105258595452, 0.52610910908408359, 0.52369706291858464, 0.52129644538237629, 0.51894853141618102, 0.51676315497862146, 0.51452370569722294, 0.51241364738304318, 0.51031845552872301, 0.50833244443143888, 0.5063754698287134, 0.50445369345276325, 0.50259324142785922, 0.50071428062981127, 0.49900404078094929, 0.49722372480247118, 0.49557050491032534], 'val_acc': [0.6483304794520548, 0.64897260273972601, 0.6521832191780822, 0.66117294520547942, 0.6680222602739726, 0.67786815068493156, 0.69028253424657537, 0.70440924657534243, 0.71511130136986301, 0.72196061643835618, 0.72816780821917804, 0.73266267123287676, 0.73672945205479456, 0.73801369863013699, 0.7420804794520548, 0.7422945205479452, 0.74379280821917804, 0.74529109589041098, 0.74721746575342463, 0.74807363013698636, 0.74935787671232879, 0.75149828767123283, 0.75214041095890416, 0.75192636986301364, 0.75428082191780821, 0.75449486301369861, 0.75577910958904104, 0.75684931506849318, 0.7579195205479452, 0.7577054794520548, 0.75898972602739723, 0.75984589041095896, 0.76048801369863017, 0.7615582191780822, 0.76327054794520544, 0.76498287671232879, 0.76605308219178081, 0.76712328767123283, 0.76819349315068497, 0.76883561643835618, 0.76819349315068497, 0.76904965753424659, 0.76862157534246578, 0.76862157534246578, 0.76883561643835618, 0.76883561643835618, 0.76904965753424659, 0.76926369863013699, 0.7696917808219178, 0.77119006849315064], 'val_loss': [0.87611844237536596, 0.79680135233761518, 0.76114235430547639, 0.73822264087526768, 0.71995972321458057, 0.70451256347029179, 0.69153988892084928, 0.67996600127383455, 0.66992841905927003, 0.66107297433565737, 0.65333496544459091, 0.64637852735715373, 0.64005176784241036, 0.63455753130455539, 0.62952099475142076, 0.62498109308007643, 0.62081475474246561, 0.61698743762218788, 0.61340535952620312, 0.61014759356844916, 0.60711245340843722, 0.60434217832676351, 0.60183144554699941, 0.59945252354014411, 0.59719498598412291, 0.59511947264410048, 0.59311471614119127, 0.59127776957538025, 0.58951497914856432, 0.58786982849036173, 0.58631679701478512, 0.58481740379986702, 0.58344352306568459, 0.58209924787691192, 0.58084517043747319, 0.57965129389338299, 0.57852508597177998, 0.57747360880244269, 0.57642203120336144, 0.57543367371983722, 0.57448791845204084, 0.57357972227547271, 0.57271069921042816, 0.57191886824287785, 0.57114625895676552, 0.57044255855965287, 0.56974007740412669, 0.5690659388695678, 0.56845401615312652, 0.56785534771337898]}

NN1
adam
train
0.932577054795
valid
0.757919520548
historique
{'acc': [0.6366652397260274, 0.68000856164383561, 0.73737157534246578, 0.7733304794520548, 0.79441352739726023, 0.8127140410958904, 0.82298801369863017, 0.83476027397260277, 0.84375, 0.85006421232876717, 0.85734160958904104, 0.86098030821917804, 0.86654537671232879, 0.87157534246575341, 0.87628424657534243, 0.87810359589041098, 0.88313356164383561, 0.88409674657534243, 0.88762842465753422, 0.88944777397260277, 0.89255136986301364, 0.89522688356164382, 0.8984375, 0.90014982876712324, 0.90164811643835618, 0.90378852739726023, 0.9060359589041096, 0.90678510273972601, 0.90871147260273977, 0.9103167808219178, 0.91181506849315064, 0.91459760273972601, 0.91502568493150682, 0.91609589041095896, 0.91705907534246578, 0.91834332191780821, 0.91984160958904104, 0.92091181506849318, 0.92144691780821919, 0.92315924657534243, 0.92273116438356162, 0.92476455479452058, 0.9256207191780822, 0.92722602739726023, 0.92840325342465757, 0.92861729452054798, 0.93075770547945202, 0.93182791095890416, 0.93279109589041098, 0.93257705479452058], 'loss': [0.85662744980152339, 0.69594665810669942, 0.62641003044092491, 0.57681748883364947, 0.53899634537631513, 0.50877260620871634, 0.48395647884231724, 0.46297000664962479, 0.44481255935683645, 0.42883823117981218, 0.41447516898178072, 0.40163092060040123, 0.39003004485817805, 0.37920764532603629, 0.36935388470349245, 0.36015499536305257, 0.3516052423478806, 0.34365454331448636, 0.33609330256099568, 0.32893601345689327, 0.32229599795521124, 0.3159333374096106, 0.3098960799509532, 0.304196562388376, 0.29870152728606575, 0.29356715874108552, 0.28861641348020672, 0.28386495484370894, 0.27926594521595188, 0.27497571339345961, 0.27071950467277878, 0.2666986770927906, 0.26278213375847631, 0.25905739406302369, 0.25550296522472821, 0.25201960336672119, 0.24861230764997333, 0.24540094671490259, 0.24220857312520072, 0.23920129532989573, 0.236296266444946, 0.23344568489757303, 0.23062067700881664, 0.22799442200730108, 0.22539439233504746, 0.22285571044999852, 0.22043320485582091, 0.21800985853251528, 0.21575616353688992, 0.2134817380917399], 'val_acc': [0.65732020547945202, 0.69477739726027399, 0.73309075342465757, 0.74828767123287676, 0.75727739726027399, 0.76284246575342463, 0.76626712328767121, 0.7696917808219178, 0.77183219178082196, 0.77268835616438358, 0.77418664383561642, 0.77525684931506844, 0.77547089041095896, 0.77525684931506844, 0.77290239726027399, 0.77482876712328763, 0.77504280821917804, 0.77589897260273977, 0.77632705479452058, 0.77375856164383561, 0.77397260273972601, 0.77525684931506844, 0.77482876712328763, 0.77482876712328763, 0.77461472602739723, 0.77161815068493156, 0.77033390410958902, 0.7694777397260274, 0.76797945205479456, 0.76819349315068497, 0.76755136986301364, 0.76797945205479456, 0.76904965753424659, 0.76733732876712324, 0.76648116438356162, 0.76669520547945202, 0.76669520547945202, 0.76626712328767121, 0.76434075342465757, 0.76434075342465757, 0.76348458904109584, 0.76262842465753422, 0.76113013698630139, 0.76091609589041098, 0.76070205479452058, 0.76027397260273977, 0.75984589041095896, 0.75963184931506844, 0.75813356164383561, 0.7579195205479452], 'val_loss': [0.74799253413938493, 0.68224861421813698, 0.64162273623355448, 0.61437570170996936, 0.5956055552583851, 0.58207471260469257, 0.57207202768489107, 0.56445560859490751, 0.55894783853668051, 0.55480981893735393, 0.5519194992846006, 0.54995154569002047, 0.5484496823524776, 0.54758516586806671, 0.54718374491554422, 0.54727874788111208, 0.5476577222755511, 0.54844516311606317, 0.54925398661257474, 0.55055312791915789, 0.55195379032664105, 0.55324799159210025, 0.55506920345025523, 0.55688384052825302, 0.55920337844793111, 0.56125472006324217, 0.56362948862657158, 0.56594079855370194, 0.56829979515647233, 0.57092189349948541, 0.57312923526927217, 0.57598901111377432, 0.5788393747316648, 0.58155138729369804, 0.58460496345611468, 0.58754591388653399, 0.59058705574437365, 0.5932196849217154, 0.59667660632770358, 0.59982485885489478, 0.60277025983349919, 0.60649602901037425, 0.60934827058282615, 0.61292858534071548, 0.61628049948852359, 0.61968283998231366, 0.62324430017846899, 0.62666980707890363, 0.63011975009759813, 0.63370904923505977]}

NN1
adamax
train
0.856057363014
valid
0.774828767123
historique
{'acc': [0.63730736301369861, 0.64779537671232879, 0.67251712328767121, 0.7108304794520548, 0.7342679794520548, 0.74646832191780821, 0.7575984589041096, 0.76412671232876717, 0.77011986301369861, 0.77461472602739723, 0.77953767123287676, 0.78467465753424659, 0.78938356164383561, 0.79270119863013699, 0.79612585616438358, 0.79955051369863017, 0.80318921232876717, 0.80682791095890416, 0.81025256849315064, 0.81121575342465757, 0.81410530821917804, 0.81678082191780821, 0.81956335616438358, 0.82181078767123283, 0.82298801369863017, 0.82523544520547942, 0.82684075342465757, 0.82673373287671237, 0.82919520547945202, 0.83144263698630139, 0.83358304794520544, 0.83465325342465757, 0.83668664383561642, 0.83764982876712324, 0.8396832191780822, 0.84139554794520544, 0.84289383561643838, 0.84278681506849318, 0.84471318493150682, 0.84663955479452058, 0.84728167808219179, 0.84792380136986301, 0.84942208904109584, 0.85049229452054798, 0.85092037671232879, 0.8515625, 0.85402397260273977, 0.85359589041095896, 0.85445205479452058, 0.85605736301369861], 'loss': [0.87711648990030155, 0.75274008145071059, 0.70467665495529563, 0.66962837785074159, 0.64168227116947307, 0.61966919909193097, 0.60145140704635069, 0.58620804435994522, 0.57328864758553566, 0.5619906409554285, 0.55162105362301006, 0.54224403233152552, 0.53372603624242621, 0.525931694123843, 0.51870441834812298, 0.51196298819698705, 0.50569659267386347, 0.49978895669114098, 0.49415374057341926, 0.48892233132907786, 0.48390720090637468, 0.47913362851289854, 0.4745568956108126, 0.47022456599220835, 0.46609386740482017, 0.46204529973129704, 0.45818408359199353, 0.45452183107398958, 0.45095223617063812, 0.44753207414321705, 0.44423488542845807, 0.44096715911610485, 0.43793597174425647, 0.43486290705734737, 0.43188094102764785, 0.42902522508616314, 0.42626024491778791, 0.42356173979909451, 0.42089567802948497, 0.41831401796781853, 0.41583512356020003, 0.41341983251375697, 0.41100010755535676, 0.40860423884571417, 0.40639296612919196, 0.4041340620040077, 0.4019815050677894, 0.39982444445972576, 0.39770847365056, 0.39565102414113201], 'val_acc': [0.64918664383561642, 0.66331335616438358, 0.68236301369863017, 0.71018835616438358, 0.72602739726027399, 0.7345890410958904, 0.74464897260273977, 0.74764554794520544, 0.74785958904109584, 0.75235445205479456, 0.75278253424657537, 0.7540667808219178, 0.75577910958904104, 0.75620719178082196, 0.75856164383561642, 0.75856164383561642, 0.76091609589041098, 0.76348458904109584, 0.7654109589041096, 0.76797945205479456, 0.76819349315068497, 0.7696917808219178, 0.77161815068493156, 0.77204623287671237, 0.77204623287671237, 0.77290239726027399, 0.77290239726027399, 0.77311643835616439, 0.77268835616438358, 0.77204623287671237, 0.77204623287671237, 0.77247431506849318, 0.77226027397260277, 0.77397260273972601, 0.7735445205479452, 0.77418664383561642, 0.7733304794520548, 0.7733304794520548, 0.77418664383561642, 0.77375856164383561, 0.77482876712328763, 0.77440068493150682, 0.77375856164383561, 0.7733304794520548, 0.77311643835616439, 0.77418664383561642, 0.77461472602739723, 0.77440068493150682, 0.77461472602739723, 0.77482876712328763], 'val_loss': [0.78574809391204625, 0.73191430429889737, 0.69828847683455841, 0.67276154540172994, 0.6530199538763255, 0.63829382662087275, 0.62628080481535764, 0.61699928527008996, 0.60932276551037623, 0.60267173264124618, 0.59682972300542547, 0.59175275306995601, 0.58722473742210701, 0.58340352018402042, 0.57998873987426491, 0.57689418021130234, 0.57416071365140886, 0.57173462069197878, 0.5694580078125, 0.56733964934740977, 0.5655674605745159, 0.56395217429285183, 0.56238476625860556, 0.56093901804048718, 0.55968669383493186, 0.55855296899194584, 0.55755453628219975, 0.55662756954153925, 0.55580891750446737, 0.55499075434795797, 0.55443119982334033, 0.55365485871491371, 0.55306923736448155, 0.55247926181309848, 0.55199454051174535, 0.5515384184171076, 0.55112474176981674, 0.55073899173573271, 0.55046242404065715, 0.5501716135911745, 0.54984159737008886, 0.54957509071451349, 0.54942865077763392, 0.54926969355916322, 0.54914514342807741, 0.54907524708199174, 0.54893605288577407, 0.54894844728381664, 0.54889280542935415, 0.54879957855972528]}

NN1
nadam
train
0.951091609589
valid
0.748073630137
historique
{'acc': [0.64929366438356162, 0.74925085616438358, 0.796875, 0.81956335616438358, 0.83872003424657537, 0.85316780821917804, 0.86119434931506844, 0.86922089041095896, 0.87778253424657537, 0.88452482876712324, 0.88987585616438358, 0.89404965753424659, 0.89886558219178081, 0.90143407534246578, 0.90485873287671237, 0.90785530821917804, 0.90967465753424659, 0.9138484589041096, 0.91502568493150682, 0.91855736301369861, 0.91973458904109584, 0.92294520547945202, 0.92380136986301364, 0.92604880136986301, 0.92744006849315064, 0.9297945205479452, 0.93075770547945202, 0.93204195205479456, 0.93461044520547942, 0.93600171232876717, 0.93685787671232879, 0.93878424657534243, 0.93985445205479456, 0.94028253424657537, 0.94081763698630139, 0.94263698630136983, 0.94349315068493156, 0.94306506849315064, 0.94488441780821919, 0.94584760273972601, 0.94681078767123283, 0.94691780821917804, 0.94745291095890416, 0.94809503424657537, 0.9492722602739726, 0.95034246575342463, 0.9491652397260274, 0.95034246575342463, 0.95034246575342463, 0.95109160958904104], 'loss': [0.79634606991320445, 0.61672737929102495, 0.53799034083542763, 0.48701407096973837, 0.44994319179286696, 0.42110458848206966, 0.39773485396210462, 0.3778448323272679, 0.36071046824528746, 0.34557450771944165, 0.33229601786357083, 0.32039584336827881, 0.30957321353154638, 0.29957311554518462, 0.29030366004636027, 0.28190880409148455, 0.27394163947909661, 0.26670094204377637, 0.25970384197896473, 0.25325854696741662, 0.24731465401000355, 0.24156102433494508, 0.23623486991002135, 0.23110709449097719, 0.22628004851508632, 0.22164336558788605, 0.21720615565164447, 0.21317330428896702, 0.20921168172706481, 0.20546294212953686, 0.20181885573451649, 0.19834023043002985, 0.19505767325220041, 0.19188769830212202, 0.18882014633041538, 0.1859193745464699, 0.18304290349454913, 0.18045659934821195, 0.17782472086789675, 0.17537762779640417, 0.17300887584482152, 0.1706420336403463, 0.16841841296433177, 0.16623127646744251, 0.16421601488829068, 0.16216745665169333, 0.16023700267127525, 0.15838194691435728, 0.15658986657755833, 0.15481186691314391], 'val_acc': [0.69563356164383561, 0.74721746575342463, 0.7615582191780822, 0.77204623287671237, 0.77440068493150682, 0.77547089041095896, 0.77547089041095896, 0.77311643835616439, 0.77525684931506844, 0.77611301369863017, 0.77375856164383561, 0.77397260273972601, 0.77461472602739723, 0.77311643835616439, 0.77054794520547942, 0.76883561643835618, 0.76733732876712324, 0.76755136986301364, 0.7654109589041096, 0.76476883561643838, 0.76327054794520544, 0.7617722602739726, 0.76262842465753422, 0.76048801369863017, 0.75898972602739723, 0.75877568493150682, 0.75941780821917804, 0.7577054794520548, 0.75599315068493156, 0.7579195205479452, 0.75599315068493156, 0.75556506849315064, 0.75684931506849318, 0.75449486301369861, 0.75128424657534243, 0.75278253424657537, 0.75556506849315064, 0.75256849315068497, 0.75363869863013699, 0.75064212328767121, 0.75064212328767121, 0.75085616438356162, 0.74935787671232879, 0.75149828767123283, 0.7502140410958904, 0.75064212328767121, 0.75, 0.7497859589041096, 0.74721746575342463, 0.74807363013698636], 'val_loss': [0.68594478152386129, 0.61703280859614074, 0.58409741500469103, 0.56645686761157155, 0.55638105105863855, 0.55093026416350721, 0.54786390556048037, 0.54712561568985252, 0.54794190609700055, 0.54921025741998464, 0.55191724165661693, 0.55446728645530463, 0.55769135731540309, 0.56119153985421955, 0.56512924059204861, 0.56935707734872221, 0.5740471172006163, 0.57858293034034236, 0.58421552640526264, 0.58922427933510035, 0.5942116229705614, 0.59983446020377829, 0.60546499888782634, 0.61069324847361817, 0.61707309255861253, 0.62246030293507115, 0.62935569790536405, 0.63601381311269656, 0.64203525722435073, 0.64861051794396685, 0.65546364388237266, 0.66155575777161613, 0.66864613918204829, 0.67536977147811084, 0.68264046229728281, 0.68934130755393475, 0.69722316072207613, 0.7031091468995565, 0.70970283412974178, 0.71790337598282994, 0.72481822549072028, 0.73174661443862199, 0.73968096312186493, 0.74698229634190261, 0.75495324084815918, 0.76175639875335233, 0.76965814359384044, 0.77755236462370991, 0.78514889729757831, 0.79324307017130391]}

